% Module: Scope, ID: c0p1t8p1cfm0
% Device: DEV7225
% Time: 2026/04/10 00:43:37
% Wave Channel 1, /dev7225/scopes/0/wave.0BWN
% Frequency (Hz); Wave Channel 1  Spectral Density (V/√Hz)
0; 0.0922293812037
0.4470339831657731; 0.0692650973797
0.8940679663315462; 0.00679179420695
1.341101949497319; 0.00103388435673
1.788135932663092; 0.0016650945181
2.235169915828866; 0.000314964505378
2.682203898994639; 0.000442951801233
3.129237882160412; 0.000774806656409
3.576271865326185; 0.000900703540538
4.023305848491958; 0.000670076406095
4.470339831657731; 0.000622156774625
4.917373814823504; 0.000574852630962
5.364407797989277; 0.000608624890447
5.81144178115505; 0.000589395756833
6.258475764320823; 0.000291361968266
6.705509747486596; 0.00046217549243
7.152543730652369; 0.000436713657109
7.599577713818142; 0.000289205490844
8.046611696983916; 0.000123542849906
8.493645680149688; 4.54243090644e-05
8.940679663315462; 0.00012881339353
9.387713646481235; 0.000122997982544
9.834747629647008; 1.46405782289e-05
10.28178161281278; 0.000252567697316
10.72881559597855; 0.000142887976835
11.17584957914433; 6.53782699374e-05
11.6228835623101; 0.000347685505403
12.06991754547587; 0.000339816440828
12.51695152864165; 0.0003320244723
12.96398551180742; 0.000268014584435
13.41101949497319; 0.000150876279804
13.85805347813896; 6.28059788141e-05
14.30508746130474; 0.000154582696268
14.75212144447051; 0.000162026597536
15.19915542763628; 0.0003232738527
15.64618941080206; 0.000187390774954
16.09322339396783; 0.000152838169015
16.5402573771336; 0.000326687848428
16.98729136029938; 0.00019955537573
17.43432534346515; 0.000138049028465
17.88135932663092; 0.000116535797133
18.3283933097967; 0.000332040159265
18.77542729296247; 0.000292485812679
19.22246127612824; 0.000262626155745
19.66949525929402; 0.000293320976198
20.11652924245979; 0.000336542289006
20.56356322562556; 0.000102357713331
21.01059720879134; 0.000384879327612
21.45763119195711; 0.000342864223057
21.90466517512288; 0.000169693521457
22.35169915828865; 0.000637096818537
22.79873314145443; 0.000746167439502
23.2457671246202; 0.000332762050675
23.69280110778598; 0.000189652884728
24.13983509095175; 2.68120365945e-05
24.58686907411752; 0.000236495790887
25.03390305728329; 0.000287835369818
25.48093704044907; 0.000286951311864
25.92797102361484; 0.000344393163687
26.37500500678061; 0.000579299696255
26.82203898994639; 0.000436339381849
27.26907297311216; 0.000135318914545
27.71610695627793; 0.00027358031366
28.1631409394437; 0.000111621578981
28.61017492260948; 0.000285832793452
29.05720890577525; 0.000227515236475
29.50424288894103; 0.000188184989383
29.9512768721068; 8.73799799592e-05
30.39831085527257; 0.000130832282593
30.84534483843834; 0.000197919493075
31.29237882160412; 0.000406964332797
31.73941280476989; 0.000568926683627
32.18644678793567; 0.000654053175822
32.63348077110143; 0.000521629524883
33.08051475426721; 0.000417143222876
33.52754873743298; 0.000484052608954
33.97458272059875; 0.000387061212678
34.42161670376453; 0.000186726421816
34.8686506869303; 0.000523734022863
35.31568467009608; 0.000442461139755
35.76271865326185; 0.000277576356893
36.20975263642762; 0.000313707190799
36.65678661959339; 0.000381210644264
37.10382060275916; 0.000136964794365
37.55085458592494; 0.000254273967585
37.99788856909071; 0.000287041038973
38.44492255225649; 0.000178296875674
38.89195653542226; 0.00032782217022
39.33899051858803; 0.000386145635275
39.78602450175381; 0.000433123204857
40.23305848491957; 0.000373870425392
40.68009246808535; 0.000461496558273
41.12712645125112; 0.000319828017382
41.5741604344169; 0.000101600060589
42.02119441758267; 0.000158399590873
42.46822840074844; 9.81113844318e-05
42.91526238391422; 0.000103491205664
43.36229636707999; 0.000189649392269
43.80933035024577; 0.000237575019128
44.25636433341153; 0.0001855755836
44.70339831657731; 0.000376998796128
45.15043229974308; 0.000439324125182
45.59746628290885; 0.000343567226082
46.04450026607463; 0.000320125895087
46.4915342492404; 0.000439263531007
46.93856823240618; 0.000640771526378
47.38560221557195; 0.000633304880466
47.83263619873772; 0.00034380480065
48.27967018190349; 0.000139224866871
48.72670416506926; 0.000128483079607
49.17373814823504; 0.00022718650871
49.62077213140081; 0.000411976652686
50.06780611456659; 0.00049591914285
50.51484009773236; 0.000416015391238
50.96187408089813; 8.660050662e-05
51.40890806406391; 0.000347022752976
51.85594204722968; 0.000324588385411
52.30297603039545; 0.000480830291053
52.75001001356122; 0.000450597523013
53.197043996727; 0.000335679069394
53.64407797989277; 0.000120267301099
54.09111196305854; 0.000135753740324
54.53814594622432; 0.000342287559761
54.98517992939009; 0.000259577762336
55.43221391255586; 8.65626570885e-05
55.87924789572163; 5.58173160243e-05
56.32628187888741; 0.000401119090384
56.77331586205318; 0.000751088664401
57.22034984521895; 0.000554239552002
57.66738382838473; 0.000344717263943
58.1144178115505; 0.000291032047244
58.56145179471628; 0.000184104254004
59.00848577788205; 0.000368582608644
59.45551976104782; 0.00650716573
59.90255374421359; 0.0150409825146
60.34958772737937; 0.00871125888079
60.79662171054514; 0.000417899398599
61.24365569371091; 0.000278314983007
61.69068967687669; 0.000263900554273
62.13772366004246; 0.000245596602326
62.58475764320823; 0.000364078325219
63.031791626374; 0.000355152093107
63.47882560953978; 0.000278538209386
63.92585959270555; 0.000132153771119
64.37289357587133; 8.20587447379e-05
64.8199275590371; 0.000335252145305
65.26696154220286; 0.000372763373889
65.71399552536865; 0.000239205939579
66.16102950853441; 0.000148580074892
66.60806349170019; 0.000492428895086
67.05509747486596; 0.000688833591994
67.50213145803174; 0.000438201182988
67.94916544119751; 0.000321922823787
68.39619942436329; 0.000502310809679
68.84323340752906; 0.000682935817167
69.29026739069482; 0.000709390849806
69.7373013738606; 0.000335250428179
70.18433535702637; 0.00036753169843
70.63136934019215; 0.000263409601757
71.07840332335792; 0.000305898400256
71.5254373065237; 0.000427177059464
71.97247128968947; 0.000142102566315
72.41950527285525; 0.000185764685739
72.86653925602101; 0.000136902744998
73.31357323918678; 0.000405693281209
73.76060722235256; 0.000257673498709
74.20764120551833; 0.000174367552972
74.65467518868411; 0.000410388631281
75.10170917184988; 0.000386825471651
75.54874315501566; 0.000178927337402
75.99577713818142; 0.000274318590527
76.44281112134719; 0.000573038472794
76.88984510451297; 0.000550578814
77.33687908767874; 0.000429383508163
77.78391307084452; 0.000314655015245
78.23094705401029; 0.000287527072942
78.67798103717607; 0.000446819147328
79.12501502034183; 0.000431563705206
79.57204900350762; 0.000279258267255
80.01908298667338; 0.00020021238015
80.46611696983915; 0.000483969808556
80.91315095300493; 0.00023078241793
81.3601849361707; 0.000273036333965
81.80721891933648; 0.000454585213447
82.25425290250224; 0.000386364379665
82.70128688566803; 0.000229383906117
83.14832086883379; 0.000329268892528
83.59535485199957; 0.000553055026103
84.04238883516534; 0.000534352904651
84.48942281833111; 0.000304648623569
84.93645680149689; 0.000258107669652
85.38349078466265; 6.68674038025e-05
85.83052476782844; 0.000353227893356
86.2775587509942; 0.000398405361921
86.72459273415998; 0.000167066667927
87.17162671732575; 0.000112764297228
87.61866070049153; 0.000190278122318
88.0656946836573; 6.50647634757e-05
88.51272866682307; 0.000146838458022
88.95976264998885; 0.000160849172971
89.40679663315461; 8.63694876898e-05
89.85383061632039; 0.000298080616631
90.30086459948616; 0.000419951975346
90.74789858265194; 0.000261923647486
91.19493256581771; 0.000137383394758
91.64196654898348; 0.000105134233308
92.08900053214926; 0.000110051267256
92.53603451531502; 1.94546955754e-05
92.9830684984808; 8.24830494821e-05
93.43010248164657; 0.000242691297899
93.87713646481235; 0.000392189365812
94.32417044797812; 0.000345719716279
94.7712044311439; 0.000110116656288
95.21823841430967; 0.000211202219361
95.66527239747543; 0.000262030254817
96.11230638064121; 0.000168431331986
96.55934036380698; 0.00017000718799
97.00637434697276; 0.000275840953691
97.45340833013853; 0.000320162100252
97.90044231330431; 0.000203824994969
98.34747629647008; 0.000283130735625
98.79451027963586; 0.000219738154556
99.24154426280163; 0.000170838844497
99.68857824596739; 2.4472215955e-05
100.1356122291332; 0.000230790741625
100.5826462122989; 0.000235637533478
101.0296801954647; 0.000302734813886
101.4767141786305; 0.000364407838788
101.9237481617963; 0.000244763534283
102.370782144962; 0.000241945643211
102.8178161281278; 0.000254363374552
103.2648501112936; 0.000162824158906
103.7118840944594; 0.000221913433052
104.1589180776251; 0.000208344325074
104.6059520607909; 4.5433822379e-05
105.0529860439567; 0.000115310562251
105.5000200271224; 0.00011999088747
105.9470540102882; 0.000240675683017
106.394087993454; 0.000388686283259
106.8411219766198; 0.000355727708666
107.2881559597855; 0.000573208671995
107.7351899429513; 0.000417382543674
108.1822239261171; 0.000321362487739
108.6292579092829; 0.000372741284082
109.0762918924486; 0.000436663249275
109.5233258756144; 0.000332554656779
109.9703598587802; 0.000265886337729
110.417393841946; 0.000381408171961
110.8644278251117; 0.000459648872493
111.3114618082775; 0.000567929702811
111.7584957914433; 0.00066957809031
112.205529774609; 0.000449430284789
112.6525637577748; 0.00033637881279
113.0995977409406; 0.00011235097918
113.5466317241064; 0.000114343798487
113.9936657072721; 0.000280223641312
114.4406996904379; 0.000306161644403
114.8877336736037; 4.97690416523e-05
115.3347676567695; 0.000135173162562
115.7818016399352; 0.000122643672512
116.228835623101; 0.00020571888308
116.6758696062668; 0.000222696340643
117.1229035894326; 0.000199055881239
117.5699375725983; 0.000308901420794
118.0169715557641; 0.000231550700846
118.4640055389299; 7.98320616013e-05
118.9110395220956; 0.000244515947998
119.3580735052614; 0.00017542950809
119.8051074884272; 0.000282751425402
120.252141471593; 0.000179171765922
120.6991754547587; 0.000228834105656
121.1462094379245; 0.000177689784323
121.5932434210903; 0.000116646660899
122.0402774042561; 0.00041319266893
122.4873113874218; 0.000273488520179
122.9343453705876; 0.000237184605794
123.3813793537534; 0.000245913397521
123.8284133369191; 0.000158686409122
124.2754473200849; 0.000383753504138
124.7224813032507; 0.000368221546523
125.1695152864165; 0.000138140007039
125.6165492695822; 0.000259330292465
126.063583252748; 0.00035727530485
126.5106172359138; 0.000432539818576
126.9576512190796; 0.000661521335132
127.4046852022453; 0.000738969712984
127.8517191854111; 0.000580754189286
128.2987531685769; 0.000432425411418
128.7457871517427; 0.00022739211272
129.1928211349084; 0.000141627009725
129.6398551180742; 0.000168990984093
130.08688910124; 0.000198482055566
130.5339230844057; 0.00020997194224
130.9809570675715; 0.000130790504045
131.4279910507373; 0.00013770951773
131.8750250339031; 0.000199333531782
132.3220590170688; 0.000204060881515
132.7690930002346; 0.000232014863286
133.2161269834004; 9.45407737163e-05
133.6631609665662; 0.000123135367176
134.1101949497319; 0.000332818832248
134.5572289328977; 0.000474806583952
135.0042629160635; 0.000567564857192
135.4512968992292; 0.000229892655625
135.898330882395; 0.000184579534107
136.3453648655608; 0.000127223393065
136.7923988487266; 0.000303255103063
137.2394328318923; 0.000208123601624
137.6864668150581; 0.000190159422345
138.1335007982239; 5.84113440709e-05
138.5805347813896; 0.000118152849609
139.0275687645554; 8.74000834301e-05
139.4746027477212; 0.000184136923053
139.921636730887; 0.000211439502891
140.3686707140527; 0.000140637610457
140.8157046972185; 0.000103746700916
141.2627386803843; 0.000370600959286
141.7097726635501; 0.000286468217382
142.1568066467158; 0.000232323363889
142.6038406298816; 0.00022748176707
143.0508746130474; 0.000327061978169
143.4979085962132; 0.000263409456238
143.9449425793789; 0.000314796285238
144.3919765625447; 0.000467155361548
144.8390105457105; 0.000412908935687
145.2860445288763; 0.000217538559809
145.733078512042; 0.000144374687807
146.1801124952078; 0.000222012851737
146.6271464783736; 0.000380510638934
147.0741804615394; 0.000221382899326
147.5212144447051; 0.000124709666125
147.9682484278709; 0.000276080594631
148.4152824110367; 0.000181354087545
148.8623163942024; 7.97213433543e-05
149.3093503773682; 0.000109010790766
149.756384360534; 0.000117438074085
150.2034183436998; 0.000103199832665
150.6504523268655; 0.000202312279725
151.0974863100313; 0.000156524038175
151.5445202931971; 5.68381692574e-05
151.9915542763628; 7.75774096837e-05
152.4385882595286; 0.000399723299779
152.8856222426944; 0.000381224235753
153.3326562258602; 0.000305213179672
153.7796902090259; 0.000202906245249
154.2267241921917; 0.000110125889478
154.6737581753575; 0.000184569435078
155.1207921585233; 0.000319176440826
155.567826141689; 8.00088164397e-05
156.0148601248548; 0.000112544519652
156.4618941080206; 5.49953365407e-05
156.9089280911863; 0.000206260563573
157.3559620743521; 0.000175927678356
157.8029960575179; 0.000157685863087
158.2500300406837; 7.2652255767e-05
158.6970640238494; 0.000287914270302
159.1440980070152; 0.000256410770817
159.591131990181; 1.41460277518e-05
160.0381659733468; 0.000314398115734
160.4851999565125; 0.000425392587204
160.9322339396783; 0.000458618829725
161.3792679228441; 0.000476088665891
161.8263019060099; 0.000413539324654
162.2733358891756; 0.000212248880416
162.7203698723414; 0.000189411352039
163.1674038555072; 0.00026894864277
163.614437838673; 0.00032289250521
164.0614718218387; 0.000309779366944
164.5085058050045; 0.000217737746425
164.9555397881703; 0.000272646488156
165.4025737713361; 0.000378399330657
165.8496077545018; 0.000257897481788
166.2966417376676; 7.10466556484e-05
166.7436757208334; 0.00010550582374
167.1907097039991; 0.000230848163483
167.6377436871649; 0.000244108363404
168.0847776703307; 0.000299659965094
168.5318116534964; 0.000263148423983
168.9788456366622; 0.000214543470065
169.425879619828; 0.000218111483264
169.8729136029938; 0.000169696082594
170.3199475861595; 0.000117258940008
170.7669815693253; 0.00032167028985
171.2140155524911; 0.000333878444508
171.6610495356569; 0.000232814956689
172.1080835188226; 0.000226174932322
172.5551175019884; 0.000298329570796
173.0021514851542; 0.000302521366393
173.44918546832; 0.000110283363028
173.8962194514857; 0.000129327047034
174.3432534346515; 0.000146259990288
174.7902874178173; 0.000197259549168
175.2373214009831; 0.000497971195728
175.6843553841488; 0.000294497207506
176.1313893673146; 0.000187180019566
176.5784233504804; 0.000271294236882
177.0254573336461; 0.000275222992059
177.4724913168119; 0.000271122291451
177.9195252999777; 3.94572161895e-05
178.3665592831435; 0.000168448634213
178.8135932663092; 0.000330075097736
179.260627249475; 0.000607280060649
179.7076612326408; 0.00252582342364
180.1546952158066; 0.00214929855429
180.6017291989723; 0.000215347608901
181.0487631821381; 0.000232386330026
181.4957971653039; 0.00042511918582
181.9428311484697; 0.000416060414864
182.3898651316354; 0.000304393761326
182.8368991148012; 0.000246408075327
183.283933097967; 0.000496487366036
183.7309670811327; 0.000482692325022
184.1780010642985; 0.000193835119717
184.6250350474643; 0.000451195635833
185.07206903063; 9.05116467038e-05
185.5191030137958; 0.000353171344614
185.9661369969616; 0.000227656491916
186.4131709801274; 0.000212382044992
186.8602049632931; 0.000426607584814
187.3072389464589; 0.000296557642287
187.7542729296247; 0.000133021560032
188.2013069127905; 0.000356574717443
188.6483408959562; 0.000276500650216
189.095374879122; 0.000222732385737
189.5424088622878; 0.00046998373
189.9894428454536; 0.000336315046297
190.4364768286193; 0.000279181986116
190.8835108117851; 6.02986365266e-05
191.3305447949509; 0.000347841036273
191.7775787781167; 0.000357855780749
192.2246127612824; 0.00013880757615
192.6716467444482; 9.4592665846e-05
193.118680727614; 0.00023032608442
193.5657147107798; 9.20068705454e-05
194.0127486939455; 0.000150658423081
194.4597826771113; 0.000170715342392
194.9068166602771; 6.3294719439e-05
195.3538506434428; 0.000281622138573
195.8008846266086; 0.000268536183285
196.2479186097744; 0.000299592706142
196.6949525929402; 0.00023855616746
197.1419865761059; 8.37965635583e-05
197.5890205592717; 7.29668026906e-05
198.0360545424375; 0.000169743478182
198.4830885256033; 0.00029488481232
198.930122508769; 0.000347895955201
199.3771564919348; 0.000362012680853
199.8241904751006; 7.75656517362e-05
200.2712244582663; 0.000161136093084
200.7182584414321; 0.000154688808834
201.1652924245979; 0.000239892833633
201.6123264077637; 0.000364760111552
202.0593603909294; 0.000494081585202
202.5063943740952; 0.000306210189592
202.953428357261; 0.000179871043656
203.4004623404267; 0.000209475314477
203.8474963235925; 0.00016117731866
204.2945303067583; 5.12568003614e-05
204.7415642899241; 0.000279413361568
205.1885982730898; 6.61622325424e-05
205.6356322562556; 0.000257707288256
206.0826662394214; 0.000221247639274
206.5297002225872; 0.000137370690936
206.9767342057529; 0.000184064731002
207.4237681889187; 0.000207963923458
207.8708021720845; 0.000352918927092
208.3178361552503; 0.000325823319145
208.764870138416; 0.000241114466917
209.2119041215818; 0.000253702572081
209.6589381047476; 0.000169798819115
210.1059720879134; 0.000124521247926
210.5530060710791; 0.000197763481992
211.0000400542449; 0.00043624592945
211.4470740374107; 0.000428744446253
211.8941080205765; 0.000192886393052
212.3411420037422; 0.000164042503457
212.788175986908; 0.000138019269798
213.2352099700738; 0.000259414606262
213.6822439532395; 0.000500641355757
214.1292779364053; 0.00030854344368
214.5763119195711; 0.000340552825946
215.0233459027368; 0.000283046712866
215.4703798859026; 9.54751449171e-05
215.9174138690684; 0.000209907695535
216.3644478522342; 0.000253554375377
216.8114818353999; 0.000126276354422
217.2585158185657; 0.000154038658366
217.7055498017315; 0.000148730963701
218.1525837848973; 0.000176860950887
218.599617768063; 0.000134200396133
219.0466517512288; 9.25058993744e-05
219.4936857343946; 0.000127782011987
219.9407197175604; 0.000227999553317
220.3877537007261; 0.000283846165985
220.8347876838919; 0.000213771709241
221.2818216670577; 0.000200258000405
221.7288556502234; 7.22278273315e-05
222.1758896333892; 0.000236618303461
222.622923616555; 0.000109216744022
223.0699575997208; 0.000197422807105
223.5169915828865; 0.000148969309521
223.9640255660523; 0.000234971477767
224.4110595492181; 0.000345903361449
224.8580935323839; 0.000426860962762
225.3051275155496; 0.000338290730724
225.7521614987154; 9.75859729806e-05
226.1991954818812; 0.000173617969267
226.646229465047; 8.15533858258e-05
227.0932634482127; 0.000168387501617
227.5402974313785; 0.000211534148548
227.9873314145443; 0.000245463103056
228.4343653977101; 0.00015638381592
228.8813993808758; 8.68059505592e-05
229.3284333640416; 0.000105901002826
229.7754673472074; 0.000176450354047
230.2225013303731; 0.000153199012857
230.6695353135389; 0.000121205062896
231.1165692967047; 6.55324038235e-05
231.5636032798704; 0.000254079524893
232.0106372630362; 0.000243381160544
232.457671246202; 0.000250034936471
232.9047052293678; 0.000269509648206
233.3517392125335; 5.51548509975e-05
233.7987731956993; 0.000249903911026
234.2458071788651; 0.000279868778307
234.6928411620309; 9.25307977013e-05
235.1398751451966; 0.000201774877496
235.5869091283624; 0.000216163563891
236.0339431115282; 0.000169004197232
236.480977094694; 0.000434761139331
236.9280110778597; 0.000298108527204
237.3750450610255; 9.03273175936e-05
237.8220790441913; 0.000134844973218
238.2691130273571; 0.000244793132879
238.7161470105228; 0.000258187530562
239.1631809936886; 0.000188897320186
239.6102149768544; 0.000227269949391
240.0572489600202; 0.0002766084217
240.5042829431859; 0.000388472370105
240.9513169263517; 0.00031224641134
241.3983509095175; 0.000158917711815
241.8453848926832; 0.000203668503673
242.292418875849; 0.000267146941042
242.7394528590148; 6.62919483148e-05
243.1864868421806; 0.000106609360955
243.6335208253463; 0.000212663522689
244.0805548085121; 0.000247581541771
244.5275887916779; 0.000247988326009
244.9746227748437; 0.000162296390045
245.4216567580094; 7.0665300882e-05
245.8686907411752; 0.000298302184092
246.315724724341; 0.000249192671617
246.7627587075067; 0.000108652195195
247.2097926906725; 0.000181442330359
247.6568266738383; 0.000432976667071
248.103860657004; 0.000521730049513
248.5508946401698; 0.000488858844619
248.9979286233356; 0.000375698466087
249.4449626065014; 0.000231332523981
249.8919965896671; 8.06545867817e-05
250.3390305728329; 0.000180509698112
250.7860645559987; 0.000283916364424
251.2330985391645; 0.000120863041957
251.6801325223302; 0.000226800140808
252.127166505496; 0.000220642104978
252.5742004886618; 0.000171042178408
253.0212344718276; 8.50949436426e-05
253.4682684549933; 0.000121799646877
253.9153024381591; 3.18178063026e-05
254.3623364213249; 0.000283221539576
254.8093704044907; 0.000293836317724
255.2564043876564; 0.000224953342695
255.7034383708222; 0.000342575862305
256.150472353988; 0.000181397408596
256.5975063371537; 0.000227089592954
257.0445403203195; 5.88621333009e-05
257.4915743034853; 0.000273085955996
257.9386082866511; 0.000149929634063
258.3856422698169; 0.000293738179607
258.8326762529826; 0.000400037621148
259.2797102361484; 0.000157754577231
259.7267442193142; 4.18361778429e-05
260.1737782024799; 0.000119396587252
260.6208121856457; 0.000141126467497
261.0678461688115; 0.000295417266898
261.5148801519773; 0.000380762270652
261.961914135143; 0.000567296228837
262.4089481183088; 0.000407930463552
262.8559821014746; 0.000207294157008
263.3030160846403; 7.77841341915e-05
263.7500500678061; 8.46508555696e-05
264.1970840509719; 0.000241234549321
264.6441180341376; 0.000297738151858
265.0911520173034; 0.00031735363882
265.5381860004692; 0.000345790118445
265.985219983635; 0.000113238187623
266.4322539668008; 0.000163587537827
266.8792879499665; 0.00015470731887
267.3263219331323; 0.000406149803894
267.7733559162981; 0.000305859401124
268.2203898994638; 0.000149820654769
268.6674238826296; 0.000110710287117
269.1144578657954; 0.000119682328659
269.5614918489612; 0.000181925322977
270.008525832127; 0.000258815387497
270.4555598152927; 0.000236008767388
270.9025937984585; 0.000197500747163
271.3496277816242; 0.000322917476296
271.79666176479; 0.000319311686326
272.2436957479558; 0.000323593441863
272.6907297311216; 0.000280242558802
273.1377637142874; 0.00026868499117
273.5847976974532; 0.000355305965059
274.0318316806189; 0.000172436586581
274.4788656637847; 0.000237274856772
274.9258996469504; 0.000364448002074
275.3729336301162; 0.000602948013693
275.819967613282; 0.000430264568422
276.2670015964478; 0.00025570645812
276.7140355796136; 0.00038604560541
277.1610695627793; 0.000103996164398
277.6081035459451; 0.000182239644346
278.0551375291109; 0.0001462346263
278.5021715122766; 0.000270137155894
278.9492054954424; 0.000375992327463
279.3962394786082; 0.000171935695107
279.8432734617739; 7.07996587153e-05
280.2903074449397; 8.14731029095e-05
280.7373414281055; 0.000151440734044
281.1843754112713; 0.000299498293316
281.6314093944371; 0.00023955902725
282.0784433776028; 0.000247519317782
282.5254773607686; 0.000223373004701
282.9725113439343; 0.000233910715906
283.4195453271001; 0.000268683390459
283.8665793102659; 0.000170710874954
284.3136132934317; 0.000207069460885
284.7606472765975; 0.000367465690942
285.2076812597632; 0.000371782341972
285.654715242929; 0.000368806562619
286.1017492260948; 0.000273827317869
286.5487832092605; 0.000124336933368
286.9958171924263; 6.47459019092e-05
287.4428511755921; 0.000160430863616
287.8898851587579; 0.000207740202313
288.3369191419237; 9.19118610909e-05
288.7839531250894; 0.000203652685741
289.2309871082552; 0.000111082197691
289.678021091421; 9.10971866688e-05
290.1250550745867; 0.000214549669181
290.5720890577525; 0.000539184897207
291.0191230409183; 0.000618867808953
291.4661570240841; 0.000314731150866
291.9131910072498; 0.000443306489615
292.3602249904156; 0.000465637480374
292.8072589735814; 0.00034886301728
293.2542929567471; 0.000368146487745
293.7013269399129; 0.000427168008173
294.1483609230787; 0.000303946901113
294.5953949062445; 0.00018161846674
295.0424288894102; 8.81530868355e-05
295.489462872576; 6.66023333906e-05
295.9364968557418; 8.4419050836e-05
296.3835308389076; 0.000323763932101
296.8305648220733; 0.000297068618238
297.2775988052391; 0.000198873443878
297.7246327884048; 6.83027101331e-05
298.1716667715706; 0.000155545174493
298.6187007547364; 0.000202234718017
299.0657347379022; 0.000310351460939
299.512768721068; 0.00131942797452
299.9598027042338; 0.00139139208477
300.4068366873995; 0.000406116974773
300.8538706705653; 0.000208213285077
301.300904653731; 0.000262424116954
301.7479386368968; 0.000273975951131
302.1949726200626; 0.000332683121087
302.6420066032284; 5.99617014814e-05
303.0890405863942; 0.000301952823065
303.5360745695599; 0.000295631703921
303.9831085527257; 9.31623653742e-05
304.4301425358915; 0.000189891579794
304.8771765190572; 0.000249494740274
305.324210502223; 0.000178386995685
305.7712444853888; 0.000124253099784
306.2182784685546; 0.000343755760696
306.6653124517204; 0.000145286030602
307.1123464348861; 0.000291871838272
