% Module: Scope, ID: c0p1t8p1cfm0
% Device: DEV7225
% Time: 2026/04/10 00:21:24
% Wave Channel 1, /dev7225/scopes/0/wave.0BWN
% Frequency (Hz); Wave Channel 1  Spectral Density (V/√Hz)
0; 0.0994558334351
0.4470339831657731; 0.0704033076763
0.8940679663315462; 0.000347154447809
1.341101949497319; 0.00011840750085
1.788135932663092; 3.58648467227e-05
2.235169915828866; 7.81103299232e-05
2.682203898994639; 2.62125613517e-05
3.129237882160412; 6.79725826558e-06
3.576271865326185; 1.36031612783e-05
4.023305848491958; 1.66732479556e-05
4.470339831657731; 1.92530187633e-05
4.917373814823504; 1.69076611201e-05
5.364407797989277; 2.32809816225e-05
5.81144178115505; 5.71368436795e-05
6.258475764320823; 4.55172776128e-05
6.705509747486596; 3.37322330779e-06
7.152543730652369; 6.20007631369e-06
7.599577713818142; 3.51635972038e-05
8.046611696983916; 3.34209580615e-05
8.493645680149688; 1.77296187758e-05
8.940679663315462; 3.10191762765e-06
9.387713646481235; 1.60530544235e-05
9.834747629647008; 3.02643165924e-05
10.28178161281278; 4.1770766984e-05
10.72881559597855; 2.90253938147e-05
11.17584957914433; 1.06044781205e-05
11.6228835623101; 1.87098539755e-05
12.06991754547587; 2.19653647946e-05
12.51695152864165; 1.40718357216e-05
12.96398551180742; 5.94059638388e-05
13.41101949497319; 2.89304425678e-05
13.85805347813896; 3.31538212777e-05
14.30508746130474; 2.13148305193e-05
14.75212144447051; 1.69548147824e-05
15.19915542763628; 1.7164305973e-05
15.64618941080206; 1.52617303684e-05
16.09322339396783; 2.6778130632e-05
16.5402573771336; 4.31211665273e-05
16.98729136029938; 3.74957489839e-05
17.43432534346515; 4.55321496702e-05
17.88135932663092; 1.48773306137e-05
18.3283933097967; 2.97029109788e-05
18.77542729296247; 1.57606191351e-05
19.22246127612824; 9.63992806646e-06
19.66949525929402; 5.53252539248e-06
20.11652924245979; 1.13302385216e-05
20.56356322562556; 4.59012699139e-05
21.01059720879134; 5.5249183788e-05
21.45763119195711; 2.19917801587e-05
21.90466517512288; 4.51911291748e-05
22.35169915828865; 4.18455456384e-05
22.79873314145443; 2.24258365051e-05
23.2457671246202; 4.4221733333e-06
23.69280110778598; 2.12890827243e-05
24.13983509095175; 2.29892193602e-05
24.58686907411752; 2.72184188361e-05
25.03390305728329; 4.60993906017e-05
25.48093704044907; 1.34474730658e-05
25.92797102361484; 3.04417662846e-05
26.37500500678061; 4.16576003772e-05
26.82203898994639; 4.05254759244e-05
27.26907297311216; 2.39814598899e-05
27.71610695627793; 3.06685906253e-05
28.1631409394437; 1.06047955342e-05
28.61017492260948; 1.02197373053e-05
29.05720890577525; 2.00047870749e-05
29.50424288894103; 2.11659298657e-05
29.9512768721068; 1.045582394e-05
30.39831085527257; 1.59188584803e-05
30.84534483843834; 6.51298068988e-06
31.29237882160412; 1.61340412888e-05
31.73941280476989; 1.04357523014e-05
32.18644678793567; 2.35879469983e-05
32.63348077110143; 4.1984829295e-05
33.08051475426721; 3.99582386308e-05
33.52754873743298; 2.82875516859e-05
33.97458272059875; 1.29098352772e-05
34.42161670376453; 2.93700904876e-05
34.8686506869303; 3.8571703044e-05
35.31568467009608; 1.91384333448e-05
35.76271865326185; 2.36504456552e-05
36.20975263642762; 1.52162529048e-05
36.65678661959339; 2.35697752942e-05
37.10382060275916; 3.43591418641e-05
37.55085458592494; 2.93911052722e-05
37.99788856909071; 3.07521950162e-05
38.44492255225649; 5.11135513079e-05
38.89195653542226; 3.06150250253e-05
39.33899051858803; 6.63777518639e-06
39.78602450175381; 1.78381724254e-05
40.23305848491957; 3.58111028618e-05
40.68009246808535; 3.32773634e-05
41.12712645125112; 1.47740593093e-05
41.5741604344169; 2.77687940979e-05
42.02119441758267; 2.49008753599e-05
42.46822840074844; 2.50702378253e-05
42.91526238391422; 3.87628242606e-05
43.36229636707999; 2.11381393456e-05
43.80933035024577; 9.95682785287e-06
44.25636433341153; 2.17172910197e-05
44.70339831657731; 2.13107177842e-05
45.15043229974308; 9.36954984354e-06
45.59746628290885; 7.11441907697e-06
46.04450026607463; 2.04670814128e-05
46.4915342492404; 2.38141274167e-05
46.93856823240618; 4.22458033427e-05
47.38560221557195; 3.380058115e-05
47.83263619873772; 2.84400575765e-05
48.27967018190349; 2.2142108719e-05
48.72670416506926; 1.31996221171e-05
49.17373814823504; 5.99119175604e-06
49.62077213140081; 2.37270342041e-06
50.06780611456659; 1.43076813401e-05
50.51484009773236; 1.69149134308e-05
50.96187408089813; 2.3932865588e-05
51.40890806406391; 4.30977706856e-05
51.85594204722968; 2.90571297228e-05
52.30297603039545; 1.32728673634e-05
52.75001001356122; 5.67234474147e-06
53.197043996727; 1.50675241457e-05
53.64407797989277; 2.67880041065e-05
54.09111196305854; 1.30241442093e-05
54.53814594622432; 3.12639203912e-05
54.98517992939009; 1.55659927259e-05
55.43221391255586; 2.19968496822e-05
55.87924789572163; 3.79561861337e-05
56.32628187888741; 5.26498479303e-05
56.77331586205318; 4.50123225164e-05
57.22034984521895; 2.35188617808e-05
57.66738382838473; 2.44671227847e-05
58.1144178115505; 4.18828713009e-05
58.56145179471628; 9.41405814956e-05
59.00848577788205; 0.000271717639407
59.45551976104782; 0.00600451556966
59.90255374421359; 0.0153569607064
60.34958772737937; 0.00967100914568
60.79662171054514; 0.00055458326824
61.24365569371091; 0.000107565472717
61.69068967687669; 5.98859696765e-05
62.13772366004246; 3.79734301532e-05
62.58475764320823; 2.33922619373e-05
63.031791626374; 3.62697537639e-05
63.47882560953978; 5.47009913134e-05
63.92585959270555; 2.00978956855e-05
64.37289357587133; 2.41144334723e-05
64.8199275590371; 5.97335274506e-05
65.26696154220286; 3.29304239131e-05
65.71399552536865; 5.36533079867e-05
66.16102950853441; 0.000101408280898
66.60806349170019; 0.000193075888092
67.05509747486596; 0.000100336867035
67.50213145803174; 3.85472558264e-05
67.94916544119751; 1.25432679852e-05
68.39619942436329; 1.82283856702e-05
68.84323340752906; 3.08801536448e-05
69.29026739069482; 1.96628679987e-05
69.7373013738606; 1.68303577084e-05
70.18433535702637; 1.23863528643e-05
70.63136934019215; 3.11584917654e-05
71.07840332335792; 4.60622359242e-05
71.5254373065237; 5.20563371538e-05
71.97247128968947; 4.82738905703e-05
72.41950527285525; 2.85089263343e-05
72.86653925602101; 9.40150675888e-06
73.31357323918678; 2.16788102989e-05
73.76060722235256; 3.02584467136e-05
74.20764120551833; 3.22489941027e-05
74.65467518868411; 8.36235267343e-06
75.10170917184988; 2.83298904833e-05
75.54874315501566; 2.08597648452e-05
75.99577713818142; 6.70095414534e-06
76.44281112134719; 7.97231950855e-06
76.88984510451297; 1.8072389139e-05
77.33687908767874; 3.47082750523e-05
77.78391307084452; 2.36998239416e-05
78.23094705401029; 1.9025441361e-05
78.67798103717607; 1.21052989925e-05
79.12501502034183; 2.48358119279e-05
79.57204900350762; 2.96634498227e-05
80.01908298667338; 3.41421073244e-05
80.46611696983915; 4.9065976782e-05
80.91315095300493; 5.72385943087e-05
81.3601849361707; 3.12817101076e-05
81.80721891933648; 8.92062143976e-06
82.25425290250224; 1.57823778864e-05
82.70128688566803; 3.64011539205e-05
83.14832086883379; 2.91418182314e-05
83.59535485199957; 3.39411599271e-05
84.04238883516534; 3.91865360143e-05
84.48942281833111; 3.09242859657e-05
84.93645680149689; 2.50034900091e-05
85.38349078466265; 2.60112028627e-05
85.83052476782844; 1.71967640199e-05
86.2775587509942; 1.08174417619e-05
86.72459273415998; 1.34167721626e-05
87.17162671732575; 2.18209770537e-05
87.61866070049153; 3.87964755646e-05
88.0656946836573; 7.566781278e-06
88.51272866682307; 1.01106461443e-05
88.95976264998885; 4.66527171739e-06
89.40679663315461; 1.44609994095e-05
89.85383061632039; 4.39173891209e-05
90.30086459948616; 6.31931106909e-05
90.74789858265194; 2.28920216614e-05
91.19493256581771; 3.08307880914e-06
91.64196654898348; 2.66584575002e-05
92.08900053214926; 4.5293061703e-05
92.53603451531502; 3.25479377352e-05
92.9830684984808; 1.3040340491e-05
93.43010248164657; 3.01598811348e-05
93.87713646481235; 3.6428704334e-05
94.32417044797812; 1.56115929713e-05
94.7712044311439; 9.66477091424e-06
95.21823841430967; 2.69229876722e-05
95.66527239747543; 4.03502199333e-05
96.11230638064121; 1.62212345458e-05
96.55934036380698; 2.01287984964e-05
97.00637434697276; 4.38002534793e-05
97.45340833013853; 3.27528650814e-05
97.90044231330431; 1.94000458578e-05
98.34747629647008; 1.30750895551e-05
98.79451027963586; 2.10091984627e-05
99.24154426280163; 3.32216914103e-05
99.68857824596739; 2.70366435871e-05
100.1356122291332; 1.45203257489e-05
100.5826462122989; 1.28781748572e-05
101.0296801954647; 6.75286537444e-06
101.4767141786305; 1.71829215105e-05
101.9237481617963; 3.01235031657e-05
102.370782144962; 3.96862451453e-05
102.8178161281278; 1.25335654957e-05
103.2648501112936; 1.17136314657e-05
103.7118840944594; 2.50660395977e-05
104.1589180776251; 2.93310367852e-05
104.6059520607909; 3.16211917379e-05
105.0529860439567; 2.9105844078e-05
105.5000200271224; 2.8739175832e-05
105.9470540102882; 2.86530739686e-05
106.394087993454; 2.53682392213e-05
106.8411219766198; 1.69696140802e-05
107.2881559597855; 9.03247382666e-06
107.7351899429513; 3.84979612136e-05
108.1822239261171; 3.32472336595e-05
108.6292579092829; 9.83005884336e-06
109.0762918924486; 4.43572862423e-05
109.5233258756144; 5.13527666044e-05
109.9703598587802; 2.4273433155e-05
110.417393841946; 1.23343943415e-05
110.8644278251117; 1.95829143195e-05
111.3114618082775; 3.24471948261e-05
111.7584957914433; 2.69694282906e-05
112.205529774609; 3.75348899979e-05
112.6525637577748; 3.84042978112e-05
113.0995977409406; 2.24391496886e-05
113.5466317241064; 1.932860323e-05
113.9936657072721; 1.52576940309e-05
114.4406996904379; 8.54333393363e-06
114.8877336736037; 3.02100816043e-05
115.3347676567695; 5.61483648198e-05
115.7818016399352; 4.57132991869e-05
116.228835623101; 2.52040590567e-05
116.6758696062668; 4.3186952098e-05
117.1229035894326; 3.56639611709e-05
117.5699375725983; 1.43286270031e-05
118.0169715557641; 3.28948408423e-05
118.4640055389299; 2.81118282146e-05
118.9110395220956; 3.13112723234e-05
119.3580735052614; 0.000110221066279
119.8051074884272; 0.000287435133941
120.252141471593; 0.000218386951019
120.6991754547587; 3.66089989257e-05
121.1462094379245; 1.18773596114e-05
121.5932434210903; 1.1439861737e-05
122.0402774042561; 3.29476461047e-05
122.4873113874218; 1.78642640094e-05
122.9343453705876; 3.1286479043e-06
123.3813793537534; 1.19892793009e-05
123.8284133369191; 3.53889736289e-05
124.2754473200849; 3.98856391257e-05
124.7224813032507; 4.62059360871e-05
125.1695152864165; 7.45673460187e-05
125.6165492695822; 5.58262800041e-05
126.063583252748; 3.13751297654e-05
126.5106172359138; 3.12747069984e-05
126.9576512190796; 1.27935400087e-05
127.4046852022453; 1.21044849948e-05
127.8517191854111; 1.15353122965e-05
128.2987531685769; 2.38811280724e-05
128.7457871517427; 2.82592518488e-05
129.1928211349084; 3.09417118842e-05
129.6398551180742; 3.58809593308e-05
130.08688910124; 2.30346795433e-05
130.5339230844057; 9.14458451007e-06
130.9809570675715; 7.23487255527e-06
131.4279910507373; 1.76127196028e-05
131.8750250339031; 2.6689382139e-05
132.3220590170688; 1.78673708433e-05
132.7690930002346; 9.00198210729e-06
133.2161269834004; 8.55328107718e-06
133.6631609665662; 5.68902942177e-06
134.1101949497319; 5.50139247935e-06
134.5572289328977; 2.07468947337e-05
135.0042629160635; 2.38734555751e-05
135.4512968992292; 1.57960694196e-05
135.898330882395; 1.74730412255e-05
136.3453648655608; 1.47524224303e-05
136.7923988487266; 2.11995102291e-05
137.2394328318923; 3.80873207178e-05
137.6864668150581; 3.71970199922e-05
138.1335007982239; 4.31393091276e-05
138.5805347813896; 3.47008426616e-05
139.0275687645554; 1.78008485818e-05
139.4746027477212; 2.85248097498e-05
139.921636730887; 2.02023911697e-05
140.3686707140527; 1.48347389768e-05
140.8157046972185; 1.01323084891e-05
141.2627386803843; 1.63512759173e-05
141.7097726635501; 2.16076605284e-05
142.1568066467158; 2.49823860941e-05
142.6038406298816; 4.32529850514e-05
143.0508746130474; 1.52959673869e-05
143.4979085962132; 2.46112340392e-05
143.9449425793789; 3.37479941663e-05
144.3919765625447; 2.04941188713e-05
144.8390105457105; 7.66836456023e-06
145.2860445288763; 1.04405553429e-05
145.733078512042; 9.92013792711e-06
146.1801124952078; 3.66669519281e-05
146.6271464783736; 3.67857064703e-05
147.0741804615394; 3.63275012205e-06
147.5212144447051; 1.2139473256e-05
147.9682484278709; 1.71534065885e-05
148.4152824110367; 2.04259213206e-05
148.8623163942024; 1.76360790647e-05
149.3093503773682; 2.35495808738e-05
149.756384360534; 2.37295571424e-05
150.2034183436998; 4.7240978347e-06
150.6504523268655; 2.04207881325e-05
151.0974863100313; 1.42948256325e-05
151.5445202931971; 3.44145846611e-05
151.9915542763628; 3.30056027451e-05
152.4385882595286; 1.1347421605e-05
152.8856222426944; 1.0533497516e-05
153.3326562258602; 2.60543092736e-05
153.7796902090259; 1.83166866918e-05
154.2267241921917; 1.66784702742e-05
154.6737581753575; 5.1786963013e-05
155.1207921585233; 4.05390564993e-05
155.567826141689; 1.43675970321e-05
156.0148601248548; 2.62272169493e-05
156.4618941080206; 2.15380459849e-05
156.9089280911863; 8.02837348601e-06
157.3559620743521; 2.55970717262e-05
157.8029960575179; 2.95528625429e-05
158.2500300406837; 7.48927004679e-06
158.6970640238494; 2.89330837404e-05
159.1440980070152; 3.22026608046e-05
159.591131990181; 1.11364070108e-05
160.0381659733468; 2.24184386752e-05
160.4851999565125; 3.26701629092e-05
160.9322339396783; 4.51587293355e-05
161.3792679228441; 1.94366330106e-05
161.8263019060099; 1.15867142085e-05
162.2733358891756; 1.94811709662e-05
162.7203698723414; 2.08442761505e-05
163.1674038555072; 2.40449371631e-05
163.614437838673; 1.15145630843e-05
164.0614718218387; 3.07816844725e-05
164.5085058050045; 4.35673100583e-05
164.9555397881703; 1.7163269149e-05
165.4025737713361; 9.46044201555e-06
165.8496077545018; 7.77509558247e-06
166.2966417376676; 2.47991210927e-05
166.7436757208334; 1.36953713081e-05
167.1907097039991; 9.29110592551e-06
167.6377436871649; 8.84830205905e-06
168.0847776703307; 2.68602616416e-05
168.5318116534964; 1.1200307199e-05
168.9788456366622; 7.88447141531e-06
169.425879619828; 1.92441784748e-05
169.8729136029938; 2.88323117275e-05
170.3199475861595; 1.15453385661e-05
170.7669815693253; 1.47224845932e-05
171.2140155524911; 1.76464636752e-05
171.6610495356569; 6.73313797961e-06
172.1080835188226; 2.42539135797e-05
172.5551175019884; 3.35395634465e-05
173.0021514851542; 4.0997438191e-05
173.44918546832; 4.67603385914e-05
173.8962194514857; 4.07274492318e-05
174.3432534346515; 2.634383236e-05
174.7902874178173; 3.5432552977e-05
175.2373214009831; 2.89466788672e-05
175.6843553841488; 8.30278622743e-06
176.1313893673146; 2.00844770006e-05
176.5784233504804; 1.1941019693e-05
177.0254573336461; 1.77135425474e-05
177.4724913168119; 2.6800449632e-05
177.9195252999777; 9.232227967e-06
178.3665592831435; 2.85126861854e-05
178.8135932663092; 9.58570599323e-05
179.260627249475; 0.000595301564317
179.7076612326408; 0.00286747934297
180.1546952158066; 0.00279159075581
180.6017291989723; 0.000539170694537
181.0487631821381; 9.22264516703e-05
181.4957971653039; 4.81310307805e-05
181.9428311484697; 4.3101979827e-05
182.3898651316354; 2.9939943488e-05
182.8368991148012; 1.08951953735e-05
183.283933097967; 2.81449738395e-05
183.7309670811327; 1.10840119305e-05
184.1780010642985; 9.05529122974e-06
184.6250350474643; 2.12497870962e-05
185.07206903063; 2.32578549912e-05
185.5191030137958; 3.05679859594e-05
185.9661369969616; 3.13333803206e-05
186.4131709801274; 2.76251721516e-05
186.8602049632931; 3.8579088141e-05
187.3072389464589; 4.57497772004e-05
187.7542729296247; 2.85818568955e-05
188.2013069127905; 2.55291033682e-05
188.6483408959562; 3.16082769132e-05
189.095374879122; 2.90336865874e-05
189.5424088622878; 2.21345089813e-05
189.9894428454536; 3.82037796953e-05
190.4364768286193; 1.67781927303e-05
190.8835108117851; 2.92628283205e-05
191.3305447949509; 4.21794284193e-05
191.7775787781167; 3.20650433423e-05
192.2246127612824; 2.62312096311e-05
192.6716467444482; 2.13884668483e-05
193.118680727614; 2.69010088232e-05
193.5657147107798; 2.32768306887e-05
194.0127486939455; 3.86557585443e-05
194.4597826771113; 5.80301930313e-05
194.9068166602771; 4.82859177282e-05
195.3538506434428; 2.14400588447e-05
195.8008846266086; 2.40657141148e-06
196.2479186097744; 8.78335868038e-06
196.6949525929402; 5.9695348682e-06
197.1419865761059; 3.3711832657e-05
197.5890205592717; 7.38489252399e-05
198.0360545424375; 7.13846384315e-05
198.4830885256033; 2.58326090261e-05
198.930122508769; 4.29205247201e-05
199.3771564919348; 5.02497168782e-05
199.8241904751006; 9.10059497983e-06
200.2712244582663; 3.49145120708e-05
200.7182584414321; 5.69633048144e-05
201.1652924245979; 5.20659923495e-05
201.6123264077637; 1.29008176373e-05
202.0593603909294; 1.70870716829e-05
202.5063943740952; 2.26144347835e-05
202.953428357261; 1.6724685338e-05
203.4004623404267; 1.1299878679e-05
203.8474963235925; 2.52466288657e-05
204.2945303067583; 3.99543314415e-05
204.7415642899241; 1.51963067765e-05
205.1885982730898; 2.16455955524e-05
205.6356322562556; 7.61680848882e-06
206.0826662394214; 2.06690056075e-05
206.5297002225872; 1.95017473743e-05
206.9767342057529; 2.07855027838e-05
207.4237681889187; 2.36243231484e-05
207.8708021720845; 1.99672140297e-05
208.3178361552503; 1.63422610058e-05
208.764870138416; 8.63227433001e-06
209.2119041215818; 1.37643146445e-05
209.6589381047476; 8.24256130727e-06
210.1059720879134; 1.91266353795e-05
210.5530060710791; 1.14526737889e-05
211.0000400542449; 4.14704891227e-06
211.4470740374107; 2.768759623e-05
211.8941080205765; 2.15641066461e-05
212.3411420037422; 8.95735593076e-06
212.788175986908; 1.07601927084e-05
213.2352099700738; 1.90986193047e-05
213.6822439532395; 1.57818831212e-05
214.1292779364053; 3.66521521755e-06
214.5763119195711; 1.42310618685e-05
215.0233459027368; 2.12663599086e-05
215.4703798859026; 2.60995730059e-05
215.9174138690684; 2.78949992207e-05
216.3644478522342; 1.44994155562e-05
216.8114818353999; 1.36658582051e-05
217.2585158185657; 2.05027154152e-05
217.7055498017315; 4.12240733567e-05
218.1525837848973; 3.93763584725e-05
218.599617768063; 5.47587342226e-06
219.0466517512288; 1.07007826955e-05
219.4936857343946; 1.48426070155e-05
219.9407197175604; 1.92740735656e-05
220.3877537007261; 7.0501096161e-06
220.8347876838919; 8.68875486049e-06
221.2818216670577; 1.68220576597e-05
221.7288556502234; 1.53677301569e-05
222.1758896333892; 3.26145454892e-05
222.622923616555; 3.60491321771e-05
223.0699575997208; 2.37548229052e-05
223.5169915828865; 1.90870468941e-05
223.9640255660523; 3.81630052289e-05
224.4110595492181; 3.26076260535e-05
224.8580935323839; 2.21466452786e-05
225.3051275155496; 4.4153402996e-05
225.7521614987154; 3.91980611312e-05
226.1991954818812; 1.63026397786e-05
226.646229465047; 1.88263766177e-05
227.0932634482127; 2.70643577096e-05
227.5402974313785; 4.68998268843e-06
227.9873314145443; 1.00852166725e-05
228.4343653977101; 4.61139788968e-05
228.8813993808758; 4.06470535381e-05
229.3284333640416; 1.19480482681e-05
229.7754673472074; 8.75844307302e-06
230.2225013303731; 6.89713306201e-06
230.6695353135389; 2.07751018024e-05
231.1165692967047; 3.37109122484e-05
231.5636032798704; 1.86850957107e-05
232.0106372630362; 2.31056146731e-05
232.457671246202; 2.73651876341e-05
232.9047052293678; 3.68007713405e-05
233.3517392125335; 1.32935838337e-05
233.7987731956993; 3.41359009326e-05
234.2458071788651; 3.27579400619e-05
234.6928411620309; 4.12883346144e-05
235.1398751451966; 2.34736326092e-05
235.5869091283624; 3.2942451071e-05
236.0339431115282; 3.51105700247e-05
236.480977094694; 4.02845762437e-05
236.9280110778597; 1.86013148777e-05
237.3750450610255; 5.29552517037e-06
237.8220790441913; 1.31080669235e-05
238.2691130273571; 3.08946655423e-05
238.7161470105228; 3.51018679794e-05
239.1631809936886; 2.54575825238e-05
239.6102149768544; 8.07764081401e-05
240.0572489600202; 0.000100732519059
240.5042829431859; 5.86156711506e-05
240.9513169263517; 3.12640731863e-05
241.3983509095175; 1.82410367415e-05
241.8453848926832; 9.4348561106e-06
242.292418875849; 1.8185848603e-05
242.7394528590148; 2.9699107472e-05
243.1864868421806; 2.11492533708e-05
243.6335208253463; 1.86279885384e-05
244.0805548085121; 1.44277910294e-05
244.5275887916779; 1.67920716194e-05
244.9746227748437; 1.96876317204e-05
245.4216567580094; 4.10120082961e-06
245.8686907411752; 1.33733865368e-05
246.315724724341; 1.47920218296e-05
246.7627587075067; 1.47646123878e-05
247.2097926906725; 1.82818621397e-05
247.6568266738383; 1.65695655596e-05
248.103860657004; 2.29627585213e-05
248.5508946401698; 2.26264164667e-05
248.9979286233356; 3.61503698514e-05
249.4449626065014; 1.46429129018e-05
249.8919965896671; 1.54029312398e-05
250.3390305728329; 2.64115333266e-05
250.7860645559987; 4.12054141634e-05
251.2330985391645; 3.09966962959e-05
251.6801325223302; 2.18221703108e-05
252.127166505496; 3.69971166947e-05
252.5742004886618; 3.14298049489e-05
253.0212344718276; 4.06148501497e-05
253.4682684549933; 5.08217599418e-05
253.9153024381591; 3.61272177543e-05
254.3623364213249; 2.16771331907e-05
254.8093704044907; 2.74905123661e-05
255.2564043876564; 2.56873718172e-05
255.7034383708222; 2.16776716115e-05
256.150472353988; 2.46369345405e-05
256.5975063371537; 1.82733001566e-05
257.0445403203195; 3.61068123311e-05
257.4915743034853; 3.73084003513e-05
257.9386082866511; 3.31863047904e-05
258.3856422698169; 2.45543251367e-05
258.8326762529826; 1.38249615702e-05
259.2797102361484; 1.54071549332e-05
259.7267442193142; 2.36523123931e-06
260.1737782024799; 3.01954332826e-05
260.6208121856457; 3.18685524689e-05
261.0678461688115; 1.38181621878e-05
261.5148801519773; 1.43899787872e-05
261.961914135143; 2.34818453464e-05
262.4089481183088; 2.49394433922e-05
262.8559821014746; 5.85230918659e-05
263.3030160846403; 5.01847644045e-05
263.7500500678061; 2.6774865546e-05
264.1970840509719; 2.07825305552e-05
264.6441180341376; 3.22188570863e-05
265.0911520173034; 3.57705175702e-05
265.5381860004692; 2.5105811801e-05
265.985219983635; 2.20175370487e-05
266.4322539668008; 2.15058262256e-05
266.8792879499665; 2.45037899731e-05
267.3263219331323; 1.59877290571e-05
267.7733559162981; 2.55094619206e-05
268.2203898994638; 2.88653754978e-05
268.6674238826296; 1.86233610293e-05
269.1144578657954; 9.38741231948e-06
269.5614918489612; 2.26929078053e-05
270.008525832127; 2.22039234359e-05
270.4555598152927; 6.8602967076e-06
270.9025937984585; 4.45556634077e-06
271.3496277816242; 2.60855649685e-05
271.79666176479; 2.54252190643e-05
272.2436957479558; 2.17575416173e-05
272.6907297311216; 3.16668520099e-05
273.1377637142874; 2.15392174141e-05
273.5847976974532; 1.01588175312e-05
274.0318316806189; 1.99047481146e-05
274.4788656637847; 3.52886272594e-05
274.9258996469504; 1.04726586869e-05
275.3729336301162; 3.42548119079e-05
275.819967613282; 2.76613791357e-05
276.2670015964478; 2.19741104956e-05
276.7140355796136; 1.60212839546e-05
277.1610695627793; 1.53727305587e-05
277.6081035459451; 2.3629023417e-05
278.0551375291109; 4.77259127365e-05
278.5021715122766; 5.87260292377e-05
278.9492054954424; 4.70035702165e-05
279.3962394786082; 1.57111189765e-05
279.8432734617739; 7.94780316937e-06
280.2903074449397; 2.25330604735e-05
280.7373414281055; 1.25414271679e-05
281.1843754112713; 2.67513023573e-05
281.6314093944371; 2.27309919865e-05
282.0784433776028; 2.24520445045e-05
282.5254773607686; 2.39308283199e-05
282.9725113439343; 2.14087831409e-05
283.4195453271001; 3.25403880197e-06
283.8665793102659; 1.76780940819e-05
284.3136132934317; 2.75075526588e-05
284.7606472765975; 3.7946523662e-05
285.2076812597632; 1.83504307643e-05
285.654715242929; 7.14096313459e-06
286.1017492260948; 3.99690406994e-06
286.5487832092605; 2.94745968858e-05
286.9958171924263; 3.18721940857e-05
287.4428511755921; 2.55082304648e-05
287.8898851587579; 1.65630281117e-05
288.3369191419237; 3.79874218197e-05
288.7839531250894; 2.84038724203e-05
289.2309871082552; 4.43885710411e-06
289.678021091421; 1.62518917932e-05
290.1250550745867; 1.66299787452e-06
290.5720890577525; 1.43491843119e-05
291.0191230409183; 1.50295336425e-05
291.4661570240841; 2.52194677159e-05
291.9131910072498; 1.3616088836e-05
292.3602249904156; 2.92276235996e-05
292.8072589735814; 3.78309159714e-05
293.2542929567471; 2.22253438551e-05
293.7013269399129; 9.71818462858e-06
294.1483609230787; 1.5271238226e-05
294.5953949062445; 1.02234844235e-05
295.0424288894102; 3.50702648575e-05
295.489462872576; 3.1926218071e-05
295.9364968557418; 2.77511990134e-05
296.3835308389076; 2.66965271294e-05
296.8305648220733; 8.62433262228e-06
297.2775988052391; 1.40363918035e-05
297.7246327884048; 3.41240083799e-05
298.1716667715706; 2.36250998569e-05
298.6187007547364; 3.02289990941e-05
299.0657347379022; 7.07550207153e-05
299.512768721068; 0.00109493208583
299.9598027042338; 0.00165271782316
300.4068366873995; 0.00060175784165
300.8538706705653; 5.46737246623e-05
301.300904653731; 3.33080970449e-05
301.7479386368968; 3.09512470267e-05
302.1949726200626; 1.93131309061e-05
302.6420066032284; 2.31790909311e-05
303.0890405863942; 3.04410714307e-05
303.5360745695599; 2.47361313086e-05
303.9831085527257; 3.28572568833e-05
304.4301425358915; 2.65858852799e-05
304.8771765190572; 2.23277438636e-05
305.324210502223; 3.36834891641e-05
305.7712444853888; 2.08237997867e-05
306.2182784685546; 2.27142209042e-05
306.6653124517204; 3.03214892483e-05
307.1123464348861; 2.21687696467e-05
307.5593804180519; 2.75862312265e-05
308.0064144012177; 1.96896271518e-05
308.4534483843834; 1.25733731693e-05
308.9004823675492; 3.43119718309e-05
