% Module: Scope, ID: c0p1t8p1cfm0
% Device: DEV7225
% Time: 2026/04/10 00:34:37
% Wave Channel 1, /dev7225/scopes/0/wave.0BWN
% Frequency (Hz); Wave Channel 1  Spectral Density (V/√Hz)
0; 0.250383615494
0.4470339831657731; 0.176840826869
0.8940679663315462; 0.0100224222988
1.341101949497319; 0.00134785182308
1.788135932663092; 0.00181298609823
2.235169915828866; 0.000878195976838
2.682203898994639; 0.000602808664553
3.129237882160412; 0.000691486289725
3.576271865326185; 0.000354089570465
4.023305848491958; 0.000642350642011
4.470339831657731; 0.000201986331376
4.917373814823504; 0.000414231675677
5.364407797989277; 0.000220124929911
5.81144178115505; 0.000162523268955
6.258475764320823; 0.000512464495841
6.705509747486596; 0.000665648549329
7.152543730652369; 0.00032343287603
7.599577713818142; 0.000628081790637
8.046611696983916; 0.00046467941138
8.493645680149688; 0.000114580951049
8.940679663315462; 0.000285201997031
9.387713646481235; 0.000360719976015
9.834747629647008; 0.000301811931422
10.28178161281278; 0.000430767686339
10.72881559597855; 0.000291358039249
11.17584957914433; 0.000300621381029
11.6228835623101; 0.000421693315729
12.06991754547587; 0.000306665053358
12.51695152864165; 0.000411867862567
12.96398551180742; 9.28684967221e-05
13.41101949497319; 0.000145593789057
13.85805347813896; 3.10799186991e-05
14.30508746130474; 0.000137592782266
14.75212144447051; 0.000175872191903
15.19915542763628; 0.000211588921957
15.64618941080206; 0.00053139962256
16.09322339396783; 0.000500725989696
16.5402573771336; 0.00025468642707
16.98729136029938; 0.00014542057761
17.43432534346515; 0.000271261087619
17.88135932663092; 0.000210497091757
18.3283933097967; 0.000292821845505
18.77542729296247; 0.000401201163186
19.22246127612824; 0.000514822721016
19.66949525929402; 0.000638845260255
20.11652924245979; 0.000498221023008
20.56356322562556; 0.000243399030296
21.01059720879134; 0.000278231134871
21.45763119195711; 0.000577096710913
21.90466517512288; 0.000334995798767
22.35169915828865; 0.000215271487832
22.79873314145443; 0.000380788434995
23.2457671246202; 0.00038382774801
23.69280110778598; 0.000164087061421
24.13983509095175; 0.000276323989965
24.58686907411752; 0.00010156405915
25.03390305728329; 0.000221651178435
25.48093704044907; 0.000361366721336
25.92797102361484; 0.000242687485297
26.37500500678061; 0.000111562163511
26.82203898994639; 0.000262717076112
27.26907297311216; 0.000345544831362
27.71610695627793; 9.56289222813e-05
28.1631409394437; 0.000376978103304
28.61017492260948; 0.000423855643021
29.05720890577525; 0.00039859401295
29.50424288894103; 0.000218462853809
29.9512768721068; 0.000276344973827
30.39831085527257; 0.000238092412474
30.84534483843834; 0.000114740592835
31.29237882160412; 0.000253049220191
31.73941280476989; 0.000416130758822
32.18644678793567; 0.000460588547867
32.63348077110143; 0.000282032066025
33.08051475426721; 9.22419058043e-05
33.52754873743298; 0.000280373555142
33.97458272059875; 0.000647927168757
34.42161670376453; 0.000538650376257
34.8686506869303; 0.000450214516604
35.31568467009608; 0.000400392164011
35.76271865326185; 0.000153612418217
36.20975263642762; 0.000217700799112
36.65678661959339; 0.000218633329496
37.10382060275916; 0.00016751117073
37.55085458592494; 0.000179597816896
37.99788856909071; 0.000145985075505
38.44492255225649; 0.000129904758069
38.89195653542226; 0.000187752564671
39.33899051858803; 0.000139741809107
39.78602450175381; 2.21297850658e-05
40.23305848491957; 0.000126012426335
40.68009246808535; 0.000256301864283
41.12712645125112; 0.000206737488043
41.5741604344169; 0.000247802672675
42.02119441758267; 0.000362516206224
42.46822840074844; 0.000344657280948
42.91526238391422; 0.000296612590319
43.36229636707999; 0.000509701785631
43.80933035024577; 0.000412802008213
44.25636433341153; 0.000205330841709
44.70339831657731; 0.000127999301185
45.15043229974308; 0.00031737802783
45.59746628290885; 0.000345276261214
46.04450026607463; 9.15279306355e-05
46.4915342492404; 0.000190544233192
46.93856823240618; 0.000177673282451
47.38560221557195; 4.75519154861e-05
47.83263619873772; 0.000206906464882
48.27967018190349; 0.000404881458962
48.72670416506926; 0.000378407770768
49.17373814823504; 0.00026935711503
49.62077213140081; 0.000190490201931
50.06780611456659; 0.000341541774105
50.51484009773236; 0.000102769765363
50.96187408089813; 0.000120789271023
51.40890806406391; 0.00018151893164
51.85594204722968; 0.000320785300573
52.30297603039545; 0.00051315507153
52.75001001356122; 0.000418762065237
53.197043996727; 0.000382086989703
53.64407797989277; 0.000406972452765
54.09111196305854; 0.000199474408873
54.53814594622432; 0.000164727593074
54.98517992939009; 0.000459632283309
55.43221391255586; 0.000379000703106
55.87924789572163; 8.78655991983e-05
56.32628187888741; 0.000192511623027
56.77331586205318; 0.000108855121653
57.22034984521895; 4.75238994113e-05
57.66738382838473; 0.000104380589619
58.1144178115505; 0.000205586300581
58.56145179471628; 0.000398920208681
59.00848577788205; 0.000534321239684
59.45551976104782; 0.00592331029475
59.90255374421359; 0.0157796945423
60.34958772737937; 0.0103072496131
60.79662171054514; 0.000658314849716
61.24365569371091; 0.000235980391153
61.69068967687669; 0.000136205853778
62.13772366004246; 0.000374749070033
62.58475764320823; 0.000259355671005
63.031791626374; 0.000134289191919
63.47882560953978; 0.000177692738362
63.92585959270555; 7.13395274943e-05
64.37289357587133; 0.000226189877139
64.8199275590371; 0.000317211350193
65.26696154220286; 0.000133985100547
65.71399552536865; 0.000394934089854
66.16102950853441; 0.000291452888632
66.60806349170019; 0.000351654627593
67.05509747486596; 0.000370358728105
67.50213145803174; 0.000420186814154
67.94916544119751; 0.000408844032791
68.39619942436329; 0.000274028920103
68.84323340752906; 0.000215173713514
69.29026739069482; 0.000414671114413
69.7373013738606; 0.000402600970119
70.18433535702637; 3.77063770429e-05
70.63136934019215; 0.000293345394311
71.07840332335792; 0.000355683878297
71.5254373065237; 0.000232250080444
71.97247128968947; 0.000246187119046
72.41950527285525; 0.000318026432069
72.86653925602101; 0.000369691493688
73.31357323918678; 0.000443432771135
73.76060722235256; 0.000348976667738
74.20764120551833; 0.000386572937714
74.65467518868411; 6.78955257172e-05
75.10170917184988; 0.000169760998688
75.54874315501566; 0.000257127016084
75.99577713818142; 0.000319592072628
76.44281112134719; 0.000414841342717
76.88984510451297; 0.000561900960747
77.33687908767874; 0.000546897645108
77.78391307084452; 0.000208326920983
78.23094705401029; 7.91004567873e-05
78.67798103717607; 0.00020618623239
79.12501502034183; 0.000549809890799
79.57204900350762; 0.000513573933858
80.01908298667338; 0.000153781758854
80.46611696983915; 5.86705828027e-05
80.91315095300493; 0.000273271347396
81.3601849361707; 0.000369621207938
81.80721891933648; 0.000268108822638
82.25425290250224; 0.00022635141795
82.70128688566803; 0.000257831881754
83.14832086883379; 0.000211860184208
83.59535485199957; 0.000183010983164
84.04238883516534; 0.000164632569067
84.48942281833111; 7.08882071194e-05
84.93645680149689; 0.000292105454719
85.38349078466265; 0.000308691320242
85.83052476782844; 0.000250716810115
86.2775587509942; 0.000295112840831
86.72459273415998; 0.000337342993589
87.17162671732575; 0.000363870058209
87.61866070049153; 0.000127634397359
88.0656946836573; 0.000169263948919
88.51272866682307; 0.00024204220972
88.95976264998885; 0.00014350686979
89.40679663315461; 0.000375314004486
89.85383061632039; 0.000259917142102
90.30086459948616; 0.000124586484162
90.74789858265194; 0.00013435666915
91.19493256581771; 0.000291444419418
91.64196654898348; 0.000368422683096
92.08900053214926; 0.000245541741606
92.53603451531502; 0.000210462021641
92.9830684984808; 0.000298483733786
93.43010248164657; 0.000124103942653
93.87713646481235; 0.000313623604598
94.32417044797812; 0.000426844169851
94.7712044311439; 5.93056574871e-05
95.21823841430967; 0.000227370925131
95.66527239747543; 0.000248968368396
96.11230638064121; 0.000150301930262
96.55934036380698; 0.000333326461259
97.00637434697276; 0.000545075396076
97.45340833013853; 0.000388293468859
97.90044231330431; 0.000332303257892
98.34747629647008; 0.000401438766858
98.79451027963586; 0.000252530997386
99.24154426280163; 0.000591979478486
99.68857824596739; 0.000604647269938
100.1356122291332; 0.000289494375465
100.5826462122989; 0.000177512265509
101.0296801954647; 0.000124490266899
101.4767141786305; 0.000379001547117
101.9237481617963; 0.00017444115656
102.370782144962; 5.45595903532e-05
102.8178161281278; 0.00013909964764
103.2648501112936; 0.000161437754286
103.7118840944594; 7.99333502073e-05
104.1589180776251; 0.000229476601817
104.6059520607909; 0.000377627176931
105.0529860439567; 0.000355025462341
105.5000200271224; 9.17489960557e-05
105.9470540102882; 0.000233469196246
106.394087993454; 0.000203190051252
106.8411219766198; 3.46329907188e-05
107.2881559597855; 0.000176216111868
107.7351899429513; 0.00020333295106
108.1822239261171; 0.000191317129065
108.6292579092829; 0.000294999859761
109.0762918924486; 0.000203179282835
109.5233258756144; 0.000194739433937
109.9703598587802; 0.000394466973376
110.417393841946; 0.000216874002945
110.8644278251117; 0.000233940372709
111.3114618082775; 0.000337863602908
111.7584957914433; 0.000442915450549
112.205529774609; 0.000501566624735
112.6525637577748; 0.000646522676107
113.0995977409406; 0.00069871119922
113.5466317241064; 0.000406295992434
113.9936657072721; 0.000133345543873
114.4406996904379; 0.000147735074279
114.8877336736037; 0.000183393800398
115.3347676567695; 0.000338751735399
115.7818016399352; 0.000371068832465
116.228835623101; 0.000344180793036
116.6758696062668; 0.00033831744804
117.1229035894326; 0.000272060802672
117.5699375725983; 0.000243261922151
118.0169715557641; 0.00018852953508
118.4640055389299; 0.00013387373474
118.9110395220956; 0.000112461988465
119.3580735052614; 0.000178057147423
119.8051074884272; 0.000180356670171
120.252141471593; 0.000310863397317
120.6991754547587; 0.000325345114106
121.1462094379245; 0.000172333064256
121.5932434210903; 0.000229535886319
122.0402774042561; 5.84087283642e-05
122.4873113874218; 0.000277103157714
122.9343453705876; 0.000253643724136
123.3813793537534; 0.000239182933001
123.8284133369191; 0.000156969050295
124.2754473200849; 0.000279870990198
124.7224813032507; 0.000178134505404
125.1695152864165; 0.000122735436889
125.6165492695822; 0.000164722005138
126.063583252748; 0.0002222697658
126.5106172359138; 0.000301503518131
126.9576512190796; 6.49431385682e-05
127.4046852022453; 0.000128848769236
127.8517191854111; 8.44951937324e-05
128.2987531685769; 0.000156543625053
128.7457871517427; 9.33936753427e-05
129.1928211349084; 0.0001644428703
129.6398551180742; 0.000302925065625
130.08688910124; 0.000163097211043
130.5339230844057; 5.75171288801e-05
130.9809570675715; 0.000196148394025
131.4279910507373; 4.37089256593e-05
131.8750250339031; 0.000328176218318
132.3220590170688; 0.000151560656377
132.7690930002346; 0.000233961167396
133.2161269834004; 0.000290585827315
133.6631609665662; 0.000194122592802
134.1101949497319; 0.000163780830917
134.5572289328977; 0.000327395304339
135.0042629160635; 0.000219416731852
135.4512968992292; 0.000201169925276
135.898330882395; 0.000393163500121
136.3453648655608; 0.000228015705943
136.7923988487266; 4.96688589919e-05
137.2394328318923; 0.00015448081831
137.6864668150581; 0.000225933938054
138.1335007982239; 0.000267033348791
138.5805347813896; 0.000236515057622
139.0275687645554; 0.000198991052457
139.4746027477212; 9.40764730331e-05
139.921636730887; 0.000368942011846
140.3686707140527; 0.000322331383359
140.8157046972185; 0.000171211140696
141.2627386803843; 0.000270837947028
141.7097726635501; 0.000207573568332
142.1568066467158; 0.000339664664352
142.6038406298816; 0.000440341507783
143.0508746130474; 0.000148928724229
143.4979085962132; 0.000179845985258
143.9449425793789; 0.000225030162255
144.3919765625447; 0.000296482176054
144.8390105457105; 0.000187508238014
145.2860445288763; 0.000225715775741
145.733078512042; 0.00017094478244
146.1801124952078; 0.000307608977892
146.6271464783736; 0.000320957071381
147.0741804615394; 0.000208609431866
147.5212144447051; 0.000293994322419
147.9682484278709; 0.000223038689001
148.4152824110367; 0.000212210696191
148.8623163942024; 0.000198976995307
149.3093503773682; 0.000166036974406
149.756384360534; 0.000334504409693
150.2034183436998; 0.000210392317967
150.6504523268655; 0.000317487108987
151.0974863100313; 0.000366700376617
151.5445202931971; 0.000286059541395
151.9915542763628; 0.000348957139067
152.4385882595286; 0.000484467571368
152.8856222426944; 0.000135667214636
153.3326562258602; 0.000365547748515
153.7796902090259; 5.61951092095e-05
154.2267241921917; 0.000255470629781
154.6737581753575; 0.000283628905891
155.1207921585233; 7.59845424909e-05
155.567826141689; 0.000295248115435
156.0148601248548; 0.000180880131666
156.4618941080206; 0.000135113994475
156.9089280911863; 6.01477986493e-05
157.3559620743521; 3.26354856952e-05
157.8029960575179; 0.00018842186546
158.2500300406837; 0.000261296198005
158.6970640238494; 0.000205535470741
159.1440980070152; 0.000218692206545
159.591131990181; 0.000295885693049
160.0381659733468; 0.000182407471584
160.4851999565125; 0.000152406617417
160.9322339396783; 0.000188788602827
161.3792679228441; 0.000122087236377
161.8263019060099; 0.000162260927027
162.2733358891756; 0.000413401023252
162.7203698723414; 0.000363357685274
163.1674038555072; 0.000187769546756
163.614437838673; 0.000128528175992
164.0614718218387; 0.000243281159783
164.5085058050045; 0.00034455297282
164.9555397881703; 0.000382124038879
165.4025737713361; 0.000306070432998
165.8496077545018; 0.000446755759185
166.2966417376676; 0.000395150273107
166.7436757208334; 0.000209106336115
167.1907097039991; 0.000127016857732
167.6377436871649; 1.25867672978e-05
168.0847776703307; 0.000252738944255
168.5318116534964; 0.000134145389893
168.9788456366622; 0.00012293519103
169.425879619828; 0.000127607272589
169.8729136029938; 0.000107995860162
170.3199475861595; 0.000111688481411
170.7669815693253; 5.22290356457e-05
171.2140155524911; 1.2904722098e-05
171.6610495356569; 3.70128436771e-05
172.1080835188226; 9.8943390185e-05
172.5551175019884; 0.000216878572246
173.0021514851542; 0.000146398815559
173.44918546832; 0.000196632550796
173.8962194514857; 4.06360777561e-05
174.3432534346515; 0.000175823748577
174.7902874178173; 0.000342204642948
175.2373214009831; 0.000494452542625
175.6843553841488; 0.000416158960434
176.1313893673146; 0.000213461651583
176.5784233504804; 0.000180194561835
177.0254573336461; 0.000109979133413
177.4724913168119; 0.000231145939324
177.9195252999777; 4.86617354909e-05
178.3665592831435; 0.000354529038304
178.8135932663092; 0.000475829670904
179.260627249475; 0.000368756212993
179.7076612326408; 0.00286536896601
180.1546952158066; 0.00307834567502
180.6017291989723; 0.000550869444851
181.0487631821381; 0.000226755539188
181.4957971653039; 0.000172224565176
181.9428311484697; 0.000266724528046
182.3898651316354; 0.000215898035094
182.8368991148012; 0.000314787466777
183.283933097967; 0.000320667080814
183.7309670811327; 0.000162096126587
184.1780010642985; 0.000131102235173
184.6250350474643; 0.000320200255373
185.07206903063; 0.000210467740544
185.5191030137958; 8.90700393938e-05
185.9661369969616; 0.000301980180666
186.4131709801274; 0.000269749871222
186.8602049632931; 0.000109222790343
187.3072389464589; 0.000105857921881
187.7542729296247; 0.000105046936369
188.2013069127905; 0.000285865156911
188.6483408959562; 0.000403204961913
189.095374879122; 0.000139310912346
189.5424088622878; 0.000193929561647
189.9894428454536; 0.000285076617729
190.4364768286193; 0.000283497123746
190.8835108117851; 0.000230955920415
191.3305447949509; 0.000211220991332
191.7775787781167; 0.000223418101086
192.2246127612824; 0.000159077302669
192.6716467444482; 0.000217524604523
193.118680727614; 0.00010148887668
193.5657147107798; 0.000101148965769
194.0127486939455; 0.000202565104701
194.4597826771113; 0.000231200450798
194.9068166602771; 0.00013610557653
195.3538506434428; 0.000238774373429
195.8008846266086; 8.0693171185e-05
196.2479186097744; 6.69549117447e-05
196.6949525929402; 0.000165468009072
197.1419865761059; 0.000212954371818
197.5890205592717; 0.000421444769017
198.0360545424375; 0.000372042821255
198.4830885256033; 0.000287890434265
198.930122508769; 0.000225390453124
199.3771564919348; 0.000196568187675
199.8241904751006; 0.000243905582465
200.2712244582663; 0.000258721585851
200.7182584414321; 8.76001940924e-05
201.1652924245979; 0.000389252294553
201.6123264077637; 0.000402688718168
202.0593603909294; 0.000310155679472
202.5063943740952; 0.000173068823642
202.953428357261; 8.02522990853e-05
203.4004623404267; 0.000221951428102
203.8474963235925; 9.13896947168e-05
204.2945303067583; 5.86094101891e-05
204.7415642899241; 8.3997460024e-05
205.1885982730898; 0.000136527785799
205.6356322562556; 0.000110308370495
206.0826662394214; 0.000147219237988
206.5297002225872; 0.000181523966603
206.9767342057529; 0.000116458060802
207.4237681889187; 0.000154747103807
207.8708021720845; 0.00018470332725
208.3178361552503; 0.000183531592484
208.764870138416; 0.000187827274203
209.2119041215818; 0.000135460752062
209.6589381047476; 0.00014358421322
210.1059720879134; 0.000156087146024
210.5530060710791; 0.000250027980655
211.0000400542449; 0.000203332398087
211.4470740374107; 0.000105471764982
211.8941080205765; 0.000267884403002
212.3411420037422; 0.000125197242596
212.788175986908; 0.000226344622206
213.2352099700738; 0.000186474790098
213.6822439532395; 0.000143983314047
214.1292779364053; 0.000256933533819
214.5763119195711; 0.000384672399377
215.0233459027368; 0.000177568756044
215.4703798859026; 0.000309681490762
215.9174138690684; 0.000413582922192
216.3644478522342; 0.000257624720689
216.8114818353999; 0.000125166086946
217.2585158185657; 0.000289850460831
217.7055498017315; 0.000174020577106
218.1525837848973; 0.000140307965921
218.599617768063; 0.000265807699179
219.0466517512288; 0.000172317202669
219.4936857343946; 0.000291934178676
219.9407197175604; 0.000147813683725
220.3877537007261; 0.000240860172198
220.8347876838919; 0.000355815398507
221.2818216670577; 0.000454843451735
221.7288556502234; 0.000290399184451
222.1758896333892; 0.000321002240526
222.622923616555; 0.000217094697291
223.0699575997208; 9.73873393377e-05
223.5169915828865; 0.000231972124311
223.9640255660523; 9.13195763133e-05
224.4110595492181; 0.000124111757032
224.8580935323839; 0.000187097582966
225.3051275155496; 0.00013116178161
225.7521614987154; 0.000355904863682
226.1991954818812; 0.000315680692438
226.646229465047; 0.000183448253665
227.0932634482127; 0.000276939914329
227.5402974313785; 0.000405648519518
227.9873314145443; 0.000368504814105
228.4343653977101; 0.000158034890774
228.8813993808758; 6.13904194324e-05
229.3284333640416; 6.58708086121e-05
229.7754673472074; 0.000157187358127
230.2225013303731; 0.00022196493228
230.6695353135389; 8.04628216429e-05
231.1165692967047; 0.000234900304349
231.5636032798704; 4.84207303089e-05
232.0106372630362; 0.000192476276425
232.457671246202; 3.88711778214e-05
232.9047052293678; 0.000379805715056
233.3517392125335; 0.000423853402026
233.7987731956993; 0.000335500226356
234.2458071788651; 0.000211239545024
234.6928411620309; 0.000336571334628
235.1398751451966; 0.000313153810566
235.5869091283624; 0.000249981443631
236.0339431115282; 0.000434350193245
236.480977094694; 0.000197356464923
236.9280110778597; 0.000134579851874
237.3750450610255; 0.000117231880722
237.8220790441913; 0.000169924518559
238.2691130273571; 0.0004089048889
238.7161470105228; 0.000564683519769
239.1631809936886; 0.000258321204456
239.6102149768544; 0.0002286486706
240.0572489600202; 0.000100202611065
240.5042829431859; 0.000128578045405
240.9513169263517; 0.000271386932582
241.3983509095175; 0.000330309499986
241.8453848926832; 0.000149795479956
242.292418875849; 8.73332901392e-05
242.7394528590148; 0.000236597086769
243.1864868421806; 0.00028166762786
243.6335208253463; 8.66330592544e-05
244.0805548085121; 0.000153060784214
244.5275887916779; 0.000398432923248
244.9746227748437; 0.000483027106384
245.4216567580094; 0.000282477238216
245.8686907411752; 0.00046035181731
246.315724724341; 0.000674955255818
246.7627587075067; 0.000465231860289
247.2097926906725; 0.000485439697513
247.6568266738383; 0.000342918327078
248.103860657004; 0.000126385464682
248.5508946401698; 0.000101019395515
248.9979286233356; 0.000278796273051
249.4449626065014; 0.000217149354285
249.8919965896671; 0.000167154852534
250.3390305728329; 0.000183721756912
250.7860645559987; 0.000100668970845
251.2330985391645; 0.000221869107918
251.6801325223302; 0.000646072148811
252.127166505496; 0.000755806977395
252.5742004886618; 0.000422068114858
253.0212344718276; 0.000224222632824
253.4682684549933; 0.000175972323632
253.9153024381591; 0.000447850645287
254.3623364213249; 0.000413345958805
254.8093704044907; 0.000404185935622
255.2564043876564; 0.000394864822738
255.7034383708222; 0.000202765455469
256.150472353988; 0.000137248498504
256.5975063371537; 0.000219021894736
257.0445403203195; 0.000228543576668
257.4915743034853; 0.000114237576781
257.9386082866511; 0.000392838264816
258.3856422698169; 0.000320820196066
258.8326762529826; 0.000127705890918
259.2797102361484; 0.000159658011398
259.7267442193142; 0.000160876006703
260.1737782024799; 0.000205447868211
260.6208121856457; 0.000324630382238
261.0678461688115; 0.000421466771513
261.5148801519773; 0.000366325228242
261.961914135143; 0.00011840267689
262.4089481183088; 0.000242996073212
262.8559821014746; 0.000159725896083
263.3030160846403; 0.000170252940734
263.7500500678061; 0.0001338791335
264.1970840509719; 0.000424622994615
264.6441180341376; 0.000279167346889
265.0911520173034; 0.000132791887154
265.5381860004692; 0.000248366530286
265.985219983635; 0.000235540326685
266.4322539668008; 0.000288988376269
266.8792879499665; 0.000281605840428
267.3263219331323; 0.000192430554307
267.7733559162981; 0.000365459767636
268.2203898994638; 0.000414717767853
268.6674238826296; 0.000136576767545
269.1144578657954; 0.000135094029247
269.5614918489612; 0.000280004693195
270.008525832127; 0.000246748328209
270.4555598152927; 8.04970113677e-05
270.9025937984585; 6.56357660773e-05
271.3496277816242; 0.000164977711393
271.79666176479; 0.000151310479851
272.2436957479558; 7.44779681554e-05
272.6907297311216; 0.000259932363406
273.1377637142874; 0.000234306091443
273.5847976974532; 0.000135489652166
274.0318316806189; 0.000417488627136
274.4788656637847; 0.000441130105173
274.9258996469504; 0.000123033867567
275.3729336301162; 0.000496355234645
275.819967613282; 0.000486033124616
276.2670015964478; 6.82371319272e-05
276.7140355796136; 0.000104940700112
277.1610695627793; 0.000202030190849
277.6081035459451; 2.68301319011e-05
278.0551375291109; 0.000289043033263
278.5021715122766; 0.000298876460874
278.9492054954424; 0.000222021815716
279.3962394786082; 0.00013805287017
279.8432734617739; 0.00017054748605
280.2903074449397; 0.000265589071205
280.7373414281055; 0.000358543067705
281.1843754112713; 0.000433837383753
281.6314093944371; 0.000248913303949
282.0784433776028; 0.000131137887365
282.5254773607686; 0.000146024452988
282.9725113439343; 6.72781388857e-05
283.4195453271001; 6.00233652222e-05
283.8665793102659; 0.000354879710358
284.3136132934317; 0.00040373892989
284.7606472765975; 0.000186813456821
285.2076812597632; 0.000205526448553
285.654715242929; 0.000213203500607
286.1017492260948; 0.000124830199638
286.5487832092605; 0.000221072201384
286.9958171924263; 0.000332418829203
287.4428511755921; 0.000207986842724
287.8898851587579; 4.62510288344e-05
288.3369191419237; 5.45424300071e-05
288.7839531250894; 6.29395944998e-05
289.2309871082552; 6.91953391652e-05
289.678021091421; 8.75283658388e-05
290.1250550745867; 0.000244609254878
290.5720890577525; 0.000177684269147
291.0191230409183; 0.000227202181122
291.4661570240841; 0.000142348420923
291.9131910072498; 0.000110828048491
292.3602249904156; 0.00020085988217
292.8072589735814; 0.000372246402549
293.2542929567471; 0.00023139420955
293.7013269399129; 0.000252893340075
294.1483609230787; 0.000323388463585
294.5953949062445; 0.000378841679776
295.0424288894102; 0.000185533092008
295.489462872576; 9.28677836782e-05
295.9364968557418; 0.000108387277578
296.3835308389076; 0.000247006857535
296.8305648220733; 0.000162785465363
297.2775988052391; 5.90415365878e-05
297.7246327884048; 9.32351613301e-05
298.1716667715706; 0.000163600008818
298.6187007547364; 0.000185754775885
299.0657347379022; 0.000219523455598
299.512768721068; 0.00116375996731
299.9598027042338; 0.00191002676729
300.4068366873995; 0.000826020201202
300.8538706705653; 0.00028982112417
301.300904653731; 0.000346453598468
301.7479386368968; 0.000153313274495
302.1949726200626; 0.000392013083911
302.6420066032284; 0.00011657858704
303.0890405863942; 0.000224342249567
303.5360745695599; 0.000154832290718
303.9831085527257; 0.000266164686764
304.4301425358915; 0.000281472923234
304.8771765190572; 4.35001129517e-05
305.324210502223; 0.000271527533187
305.7712444853888; 0.000330480164848
306.2182784685546; 0.000361704151146
306.6653124517204; 0.000319679238601
307.1123464348861; 0.000144805089803
307.5593804180519; 0.000229259720072
308.0064144012177; 0.000270333955996
308.4534483843834; 0.000126612285385
308.9004823675492; 0.000328056310536
