% Module: Scope, ID: c0p1t8p1cfm0
% Device: DEV7225
% Time: 2026/04/09 21:55:11
% Wave Channel 1, /dev7225/scopes/0/wave.0BWN
% Wave Channel 2, /dev7225/scopes/0/wave.1BWN
% Frequency (Hz); Wave Channel 1  Spectral Density (V/√Hz); Wave Channel 2  Spectral Density (V/√Hz)
0; 0.000341526116244; 
0.4470339831657731; 0.000247586867772; 
0.8940679663315462; 1.62231644936e-05; 
1.341101949497319; 9.05673186935e-06; 
1.788135932663092; 2.45110804826e-05; 
2.235169915828866; 1.46871998368e-05; 
2.682203898994639; 3.55485426553e-05; 
3.129237882160412; 4.17520386691e-05; 
3.576271865326185; 2.06238746614e-05; 
4.023305848491958; 8.90299088496e-06; 
4.470339831657731; 1.1503287169e-05; 
4.917373814823504; 3.30651128024e-05; 
5.364407797989277; 4.86413155159e-05; 
5.81144178115505; 5.84744338994e-05; 
6.258475764320823; 4.03064514103e-05; 
6.705509747486596; 2.26546580961e-05; 
7.152543730652369; 1.08604417619e-05; 
7.599577713818142; 4.15795238951e-06; 
8.046611696983916; 1.4667756659e-05; 
8.493645680149688; 1.77368710865e-05; 
8.940679663315462; 9.47973421717e-06; 
9.387713646481235; 8.77175443748e-06; 
9.834747629647008; 1.4884992197e-05; 
10.28178161281278; 2.12280956475e-05; 
10.72881559597855; 1.36751850732e-05; 
11.17584957914433; 6.19074353381e-06; 
11.6228835623101; 1.14582314836e-06; 
12.06991754547587; 1.15847396955e-05; 
12.51695152864165; 1.87457171705e-05; 
12.96398551180742; 1.47757828017e-05; 
13.41101949497319; 1.08922577056e-05; 
13.85805347813896; 5.51499761059e-06; 
14.30508746130474; 5.24461120222e-06; 
14.75212144447051; 8.85702866071e-06; 
15.19915542763628; 1.0404243767e-05; 
15.64618941080206; 1.00955157905e-05; 
16.09322339396783; 6.73077147439e-06; 
16.5402573771336; 5.22807704328e-06; 
16.98729136029938; 1.25578139887e-06; 
17.43432534346515; 7.98959899839e-06; 
17.88135932663092; 9.85317092272e-06; 
18.3283933097967; 6.68877009957e-06; 
18.77542729296247; 1.48914832607e-05; 
19.22246127612824; 1.46012034747e-05; 
19.66949525929402; 1.53658347699e-05; 
20.11652924245979; 9.01108069229e-06; 
20.56356322562556; 7.26712823962e-06; 
21.01059720879134; 9.23492189031e-06; 
21.45763119195711; 1.0549289982e-05; 
21.90466517512288; 1.12762309072e-05; 
22.35169915828865; 5.08714447278e-06; 
22.79873314145443; 1.20085660456e-05; 
23.2457671246202; 2.31687554333e-05; 
23.69280110778598; 2.15335403482e-05; 
24.13983509095175; 1.06001407403e-05; 
24.58686907411752; 1.07327023215e-05; 
25.03390305728329; 1.04290993477e-05; 
25.48093704044907; 9.94980018731e-06; 
25.92797102361484; 8.43202269607e-06; 
26.37500500678061; 5.99305030846e-06; 
26.82203898994639; 1.53204364324e-05; 
27.26907297311216; 1.80605784408e-05; 
27.71610695627793; 1.3400917851e-05; 
28.1631409394437; 5.10552490596e-06; 
28.61017492260948; 1.10259088615e-05; 
29.05720890577525; 1.00976940303e-05; 
29.50424288894103; 2.68705070994e-06; 
29.9512768721068; 7.01466069586e-06; 
30.39831085527257; 5.17970602232e-06; 
30.84534483843834; 5.05422030983e-06; 
31.29237882160412; 1.68991355167e-05; 
31.73941280476989; 1.78852587851e-05; 
32.18644678793567; 1.15028142318e-05; 
32.63348077110143; 2.12745612771e-06; 
33.08051475426721; 2.39165910898e-06; 
33.52754873743298; 4.78679294247e-06; 
33.97458272059875; 7.40545419831e-06; 
34.42161670376453; 6.05469404036e-06; 
34.8686506869303; 2.94475921692e-06; 
35.31568467009608; 3.44750606018e-06; 
35.76271865326185; 3.3333913052e-06; 
36.20975263642762; 4.67501786261e-06; 
36.65678661959339; 6.67830499879e-06; 
37.10382060275916; 3.70915131498e-06; 
37.55085458592494; 3.07663231069e-06; 
37.99788856909071; 2.39077712649e-06; 
38.44492255225649; 8.61420903675e-06; 
38.89195653542226; 9.64591981756e-06; 
39.33899051858803; 8.35210448713e-06; 
39.78602450175381; 9.27254313865e-06; 
40.23305848491957; 9.02707051864e-06; 
40.68009246808535; 7.38360631658e-06; 
41.12712645125112; 3.93253139919e-06; 
41.5741604344169; 4.61168929178e-06; 
42.02119441758267; 5.10924974151e-06; 
42.46822840074844; 3.73923217012e-06; 
42.91526238391422; 5.77319315198e-06; 
43.36229636707999; 4.55812960354e-06; 
43.80933035024577; 9.31447232233e-07; 
44.25636433341153; 5.12857741342e-06; 
44.70339831657731; 8.04708906799e-06; 
45.15043229974308; 7.07612798578e-07; 
45.59746628290885; 6.86313887854e-06; 
46.04450026607463; 5.75837748329e-06; 
46.4915342492404; 3.79865741706e-06; 
46.93856823240618; 4.4434150368e-06; 
47.38560221557195; 3.20329195347e-06; 
47.83263619873772; 2.79599498754e-06; 
48.27967018190349; 2.87633270091e-06; 
48.72670416506926; 6.55738040223e-06; 
49.17373814823504; 9.06320019567e-06; 
49.62077213140081; 8.01836995379e-06; 
50.06780611456659; 6.94674236001e-06; 
50.51484009773236; 6.48107652523e-06; 
50.96187408089813; 3.6190767787e-06; 
51.40890806406391; 2.93413654617e-06; 
51.85594204722968; 4.45193336418e-06; 
52.30297603039545; 9.04678563529e-06; 
52.75001001356122; 1.89297088582e-06; 
53.197043996727; 6.44523515803e-06; 
53.64407797989277; 8.34086495161e-06; 
54.09111196305854; 1.21119101095e-05; 
54.53814594622432; 9.48078286456e-06; 
54.98517992939009; 3.19414334626e-06; 
55.43221391255586; 2.30936825574e-06; 
55.87924789572163; 2.85249916487e-06; 
56.32628187888741; 5.78413937546e-06; 
56.77331586205318; 3.8650064198e-06; 
57.22034984521895; 2.79851587948e-06; 
57.66738382838473; 3.17916897075e-06; 
58.1144178115505; 5.90122181165e-06; 
58.56145179471628; 3.10999575959e-06; 
59.00848577788205; 3.11608823722e-06; 
59.45551976104782; 4.60615228803e-06; 
59.90255374421359; 4.57497344541e-06; 
60.34958772737937; 1.22367816857e-06; 
60.79662171054514; 2.89170816359e-06; 
61.24365569371091; 2.73852356258e-06; 
61.69068967687669; 5.91240564063e-07; 
62.13772366004246; 7.34251852919e-06; 
62.58475764320823; 9.57211068453e-06; 
63.031791626374; 5.75298327021e-06; 
63.47882560953978; 4.83696885567e-06; 
63.92585959270555; 5.7478441704e-06; 
64.37289357587133; 3.69879921891e-06; 
64.8199275590371; 3.12911583933e-06; 
65.26696154220286; 1.71786939518e-06; 
65.71399552536865; 4.54185646959e-06; 
66.16102950853441; 8.69010091264e-06; 
66.60806349170019; 4.17412866227e-06; 
67.05509747486596; 3.04018135466e-06; 
67.50213145803174; 1.96106566364e-06; 
67.94916544119751; 5.50952381673e-06; 
68.39619942436329; 4.00924182031e-06; 
68.84323340752906; 3.91732555727e-06; 
69.29026739069482; 6.62341744828e-06; 
69.7373013738606; 5.95534493186e-06; 
70.18433535702637; 5.52714527657e-06; 
70.63136934019215; 3.2056211694e-06; 
71.07840332335792; 3.24033999277e-06; 
71.5254373065237; 3.5707726056e-06; 
71.97247128968947; 2.333528073e-06; 
72.41950527285525; 1.8977613081e-06; 
72.86653925602101; 5.07933691551e-06; 
73.31357323918678; 5.28690361534e-06; 
73.76060722235256; 4.23363917434e-06; 
74.20764120551833; 5.17336548e-06; 
74.65467518868411; 7.09921096131e-06; 
75.10170917184988; 6.5273106884e-06; 
75.54874315501566; 5.91738807998e-06; 
75.99577713818142; 4.43848648501e-06; 
76.44281112134719; 7.32350258659e-07; 
76.88984510451297; 1.85155488452e-06; 
77.33687908767874; 3.77105106963e-06; 
77.78391307084452; 3.95140341425e-06; 
78.23094705401029; 2.83448184746e-06; 
78.67798103717607; 4.71599923912e-06; 
79.12501502034183; 3.06108063342e-06; 
79.57204900350762; 2.3805357614e-06; 
80.01908298667338; 5.30145189259e-06; 
80.46611696983915; 4.45145133199e-06; 
80.91315095300493; 3.02491139337e-06; 
81.3601849361707; 4.54141172668e-06; 
81.80721891933648; 5.41027156942e-06; 
82.25425290250224; 5.54229791305e-06; 
82.70128688566803; 6.59295801597e-06; 
83.14832086883379; 5.85324050917e-06; 
83.59535485199957; 4.92721437695e-06; 
84.04238883516534; 6.05860077485e-06; 
84.48942281833111; 7.54363190936e-06; 
84.93645680149689; 4.55287818113e-06; 
85.38349078466265; 3.74622277377e-06; 
85.83052476782844; 5.17592661708e-06; 
86.2775587509942; 7.56807366997e-06; 
86.72459273415998; 8.52996527101e-06; 
87.17162671732575; 6.1565588112e-06; 
87.61866070049153; 4.11078781326e-06; 
88.0656946836573; 3.39305779562e-06; 
88.51272866682307; 3.48788512383e-06; 
88.95976264998885; 3.98139491153e-06; 
89.40679663315461; 2.71088720183e-06; 
89.85383061632039; 5.36520155947e-06; 
90.30086459948616; 7.48069533074e-06; 
90.74789858265194; 4.48188075097e-06; 
91.19493256581771; 4.1223165681e-06; 
91.64196654898348; 3.20942058352e-06; 
92.08900053214926; 3.42328326042e-06; 
92.53603451531502; 1.84130976777e-06; 
92.9830684984808; 1.98465954782e-06; 
93.43010248164657; 3.37185133503e-06; 
93.87713646481235; 1.95926145352e-06; 
94.32417044797812; 2.65825542556e-06; 
94.7712044311439; 5.27819565832e-06; 
95.21823841430967; 2.80997710433e-06; 
95.66527239747543; 4.84748352392e-06; 
96.11230638064121; 5.59022146263e-06; 
96.55934036380698; 3.32798686031e-06; 
97.00637434697276; 2.51798223871e-06; 
97.45340833013853; 1.87236389593e-06; 
97.90044231330431; 5.76495358473e-06; 
98.34747629647008; 6.84013912178e-06; 
98.79451027963586; 3.64519337381e-06; 
99.24154426280163; 2.55881332123e-06; 
99.68857824596739; 6.42234408588e-06; 
100.1356122291332; 6.81761730448e-06; 
100.5826462122989; 5.09917936142e-06; 
101.0296801954647; 1.45609385527e-06; 
101.4767141786305; 2.91809055852e-06; 
101.9237481617963; 9.14052975531e-07; 
102.370782144962; 9.85463088909e-07; 
102.8178161281278; 6.40014548026e-07; 
103.2648501112936; 8.58414864524e-07; 
103.7118840944594; 1.94235076378e-06; 
104.1589180776251; 1.48316303239e-06; 
104.6059520607909; 3.90391824112e-06; 
105.0529860439567; 3.71817691303e-06; 
105.5000200271224; 5.1641313803e-06; 
105.9470540102882; 3.57382737093e-06; 
106.394087993454; 8.24960261525e-06; 
106.8411219766198; 6.03151374889e-06; 
107.2881559597855; 4.12229655922e-06; 
107.7351899429513; 6.7116604896e-07; 
108.1822239261171; 1.34338870339e-06; 
108.6292579092829; 2.37869016928e-06; 
109.0762918924486; 2.18913965e-06; 
109.5233258756144; 3.22434493683e-06; 
109.9703598587802; 2.73504610959e-06; 
110.417393841946; 5.18547096817e-07; 
110.8644278251117; 3.35151230502e-06; 
111.3114618082775; 6.88571844876e-06; 
111.7584957914433; 6.55759731671e-06; 
112.205529774609; 4.26825408795e-06; 
112.6525637577748; 1.85164105915e-06; 
113.0995977409406; 1.97314420802e-06; 
113.5466317241064; 3.56192867912e-06; 
113.9936657072721; 2.98598047266e-06; 
114.4406996904379; 2.31905983128e-06; 
114.8877336736037; 3.58707370651e-06; 
115.3347676567695; 2.84877705781e-06; 
115.7818016399352; 2.34042545344e-06; 
116.228835623101; 2.45346723204e-06; 
116.6758696062668; 6.07173024036e-06; 
117.1229035894326; 9.37709592108e-06; 
117.5699375725983; 8.08360073279e-06; 
118.0169715557641; 2.09936524698e-06; 
118.4640055389299; 3.3275896385e-06; 
118.9110395220956; 3.5209266116e-06; 
119.3580735052614; 1.41552197874e-06; 
119.8051074884272; 3.05014532387e-06; 
120.252141471593; 2.15461045627e-06; 
120.6991754547587; 1.31978515583e-06; 
121.1462094379245; 3.78032791559e-06; 
121.5932434210903; 5.24038068761e-06; 
122.0402774042561; 4.11693963542e-06; 
122.4873113874218; 1.16412024909e-06; 
122.9343453705876; 7.99015253961e-07; 
123.3813793537534; 1.30645400986e-06; 
123.8284133369191; 1.59305102443e-06; 
124.2754473200849; 2.03581998903e-06; 
124.7224813032507; 4.28648263551e-06; 
125.1695152864165; 7.26427015252e-06; 
125.6165492695822; 3.76387220058e-06; 
126.063583252748; 1.82433052487e-06; 
126.5106172359138; 1.50140488131e-06; 
126.9576512190796; 3.20473372994e-06; 
127.4046852022453; 9.78344473879e-07; 
127.8517191854111; 9.30332589633e-07; 
128.2987531685769; 3.23893004861e-06; 
128.7457871517427; 5.36817333341e-06; 
129.1928211349084; 2.67535915555e-06; 
129.6398551180742; 1.27776183945e-06; 
130.08688910124; 9.70920041254e-07; 
130.5339230844057; 3.14583553518e-06; 
130.9809570675715; 6.20593937128e-06; 
131.4279910507373; 5.77939044888e-06; 
131.8750250339031; 3.16414843837e-06; 
132.3220590170688; 3.32126160174e-06; 
132.7690930002346; 2.8423673939e-06; 
133.2161269834004; 3.39024791174e-06; 
133.6631609665662; 2.67148629973e-06; 
134.1101949497319; 4.55323015558e-06; 
134.5572289328977; 3.69430176761e-06; 
135.0042629160635; 3.2430768897e-06; 
135.4512968992292; 4.12076769862e-06; 
135.898330882395; 4.16471539211e-06; 
136.3453648655608; 8.40583652462e-06; 
136.7923988487266; 8.52777066029e-06; 
137.2394328318923; 5.33572574568e-06; 
137.6864668150581; 1.67710493315e-06; 
138.1335007982239; 3.57529916073e-06; 
138.5805347813896; 3.245214657e-06; 
139.0275687645554; 2.69132988251e-06; 
139.4746027477212; 2.01379953069e-06; 
139.921636730887; 8.87377666459e-07; 
140.3686707140527; 1.45375690863e-06; 
140.8157046972185; 3.78270033252e-06; 
141.2627386803843; 2.73239129456e-06; 
141.7097726635501; 3.85688008464e-06; 
142.1568066467158; 4.52945550933e-06; 
142.6038406298816; 1.21059747471e-06; 
143.0508746130474; 1.92694778889e-06; 
143.4979085962132; 3.92581483766e-07; 
143.9449425793789; 2.04618686439e-06; 
144.3919765625447; 2.31795343097e-06; 
144.8390105457105; 3.14746307595e-06; 
145.2860445288763; 2.93867401524e-06; 
145.733078512042; 3.69258009414e-06; 
146.1801124952078; 2.90076559395e-06; 
146.6271464783736; 2.99464386444e-06; 
147.0741804615394; 4.43003864348e-06; 
147.5212144447051; 3.82735970561e-06; 
147.9682484278709; 2.87763327833e-06; 
148.4152824110367; 2.9318828183e-06; 
148.8623163942024; 3.43698252436e-06; 
149.3093503773682; 4.08781988881e-06; 
149.756384360534; 4.63667038275e-06; 
150.2034183436998; 5.15615965924e-06; 
150.6504523268655; 4.38760707766e-06; 
151.0974863100313; 1.96387895812e-06; 
151.5445202931971; 3.27402949551e-06; 
151.9915542763628; 2.25298208534e-06; 
152.4385882595286; 2.47354637395e-06; 
152.8856222426944; 5.20730600329e-06; 
153.3326562258602; 3.75329636881e-06; 
153.7796902090259; 2.41762177211e-06; 
154.2267241921917; 4.85883265355e-06; 
154.6737581753575; 2.89356489702e-06; 
155.1207921585233; 7.05578656834e-07; 
155.567826141689; 2.53556390817e-06; 
156.0148601248548; 4.30926638728e-06; 
156.4618941080206; 3.85124712921e-06; 
156.9089280911863; 2.64719142251e-06; 
157.3559620743521; 3.15824809149e-06; 
157.8029960575179; 3.96608857045e-06; 
158.2500300406837; 2.20835818254e-06; 
158.6970640238494; 3.97420399167e-06; 
159.1440980070152; 4.34191588283e-06; 
159.591131990181; 4.783128702e-07; 
160.0381659733468; 1.57865258643e-06; 
160.4851999565125; 2.2732524485e-06; 
160.9322339396783; 1.38682810302e-06; 
161.3792679228441; 1.80735105459e-06; 
161.8263019060099; 2.91778837891e-06; 
162.2733358891756; 2.37690892391e-06; 
162.7203698723414; 2.66750839728e-06; 
163.1674038555072; 2.4666162517e-06; 
163.614437838673; 2.77333265331e-06; 
164.0614718218387; 3.86483998227e-06; 
164.5085058050045; 3.93444724978e-06; 
164.9555397881703; 5.47836043552e-06; 
165.4025737713361; 1.03887282421e-06; 
165.8496077545018; 3.83577980756e-06; 
166.2966417376676; 2.04448065233e-06; 
166.7436757208334; 3.71844089386e-06; 
167.1907097039991; 3.70861789634e-06; 
167.6377436871649; 8.9967193162e-07; 
168.0847776703307; 3.48516277882e-06; 
168.5318116534964; 5.98068072577e-06; 
168.9788456366622; 3.25567339132e-06; 
169.425879619828; 2.74631588582e-06; 
169.8729136029938; 2.16681269194e-06; 
170.3199475861595; 1.61162608947e-06; 
170.7669815693253; 2.19166031457e-06; 
171.2140155524911; 1.28420151668e-06; 
171.6610495356569; 3.74081332666e-06; 
172.1080835188226; 6.31250259175e-06; 
172.5551175019884; 5.88963439441e-06; 
173.0021514851542; 3.7715851704e-06; 
173.44918546832; 2.2514268494e-06; 
173.8962194514857; 5.75438946271e-07; 
174.3432534346515; 1.36067740186e-06; 
174.7902874178173; 1.29974353058e-06; 
175.2373214009831; 2.7356161354e-06; 
175.6843553841488; 3.85874545827e-06; 
176.1313893673146; 2.16882835957e-06; 
176.5784233504804; 2.78933498521e-06; 
177.0254573336461; 3.04355444314e-06; 
177.4724913168119; 1.40849658692e-06; 
177.9195252999777; 2.21007326218e-06; 
178.3665592831435; 2.42714554588e-06; 
178.8135932663092; 7.64043704748e-07; 
179.260627249475; 1.07735331767e-06; 
179.7076612326408; 4.32934348282e-06; 
180.1546952158066; 4.68947746413e-06; 
180.6017291989723; 5.21984588886e-07; 
181.0487631821381; 2.6381301268e-06; 
181.4957971653039; 1.88347974017e-06; 
181.9428311484697; 5.65958089283e-07; 
182.3898651316354; 3.42072303283e-06; 
182.8368991148012; 3.01025147564e-06; 
183.283933097967; 2.31503850046e-06; 
183.7309670811327; 1.08715653369e-06; 
184.1780010642985; 1.77883384822e-06; 
184.6250350474643; 3.16141995427e-06; 
185.07206903063; 2.1920150175e-06; 
185.5191030137958; 1.63776155659e-06; 
185.9661369969616; 3.99306372856e-06; 
186.4131709801274; 2.26733459385e-06; 
186.8602049632931; 1.33102116706e-06; 
187.3072389464589; 1.99998294192e-06; 
187.7542729296247; 4.32324623034e-06; 
188.2013069127905; 4.92939534524e-06; 
188.6483408959562; 3.92763286072e-06; 
189.095374879122; 2.70944087788e-06; 
189.5424088622878; 2.55533586824e-06; 
189.9894428454536; 2.3655811674e-06; 
190.4364768286193; 3.52936172021e-06; 
190.8835108117851; 4.09666699852e-06; 
191.3305447949509; 3.58375814358e-06; 
191.7775787781167; 3.80374194719e-06; 
192.2246127612824; 7.69980630366e-08; 
192.6716467444482; 2.47108846452e-06; 
193.118680727614; 9.35217542519e-07; 
193.5657147107798; 1.20570177842e-06; 
194.0127486939455; 3.06399442707e-06; 
194.4597826771113; 4.45931846116e-06; 
194.9068166602771; 4.72490137327e-06; 
195.3538506434428; 3.04668265017e-06; 
195.8008846266086; 2.22833000407e-06; 
196.2479186097744; 2.9679583804e-06; 
196.6949525929402; 3.5518896766e-06; 
197.1419865761059; 3.53296650246e-06; 
197.5890205592717; 7.14426960258e-07; 
198.0360545424375; 2.94927531286e-06; 
198.4830885256033; 1.18106731861e-06; 
198.930122508769; 2.35026755036e-06; 
199.3771564919348; 1.57829754244e-06; 
199.8241904751006; 2.25359963224e-06; 
200.2712244582663; 1.33664480018e-06; 
200.7182584414321; 3.41889017363e-06; 
201.1652924245979; 2.6086897833e-06; 
201.6123264077637; 3.43918532053e-06; 
202.0593603909294; 3.7455263282e-06; 
202.5063943740952; 7.29699706881e-07; 
202.953428357261; 1.85276462616e-06; 
203.4004623404267; 3.57656313099e-06; 
203.8474963235925; 5.68425184611e-06; 
204.2945303067583; 4.35997981185e-06; 
204.7415642899241; 2.35223683376e-06; 
205.1885982730898; 4.33025934399e-06; 
205.6356322562556; 5.99835311732e-06; 
206.0826662394214; 6.97299174135e-06; 
206.5297002225872; 4.34202183897e-06; 
206.9767342057529; 3.78562140213e-06; 
207.4237681889187; 3.8822586248e-06; 
207.8708021720845; 1.81180848813e-06; 
208.3178361552503; 2.58313434642e-06; 
208.764870138416; 2.97294559459e-06; 
209.2119041215818; 4.19652360506e-06; 
209.6589381047476; 3.26277927343e-06; 
210.1059720879134; 9.665197922e-07; 
210.5530060710791; 1.63094648542e-06; 
211.0000400542449; 1.14352644687e-06; 
211.4470740374107; 1.49176923969e-06; 
211.8941080205765; 2.4614691938e-06; 
212.3411420037422; 1.50398818732e-06; 
212.788175986908; 1.63989875546e-06; 
213.2352099700738; 2.63697938863e-06; 
213.6822439532395; 1.27262308069e-06; 
214.1292779364053; 3.53409654963e-06; 
214.5763119195711; 2.78615812022e-06; 
215.0233459027368; 2.57668489212e-06; 
215.4703798859026; 2.05156993616e-07; 
215.9174138690684; 1.21868561109e-06; 
216.3644478522342; 1.49825075368e-06; 
216.8114818353999; 2.15500176637e-06; 
217.2585158185657; 2.488106702e-06; 
217.7055498017315; 3.64135098607e-06; 
218.1525837848973; 6.09875360169e-06; 
218.599617768063; 2.66211350208e-06; 
219.0466517512288; 3.86865309565e-07; 
219.4936857343946; 1.87595128409e-06; 
219.9407197175604; 6.69560847655e-07; 
220.3877537007261; 1.83026043032e-06; 
220.8347876838919; 3.19483206113e-06; 
221.2818216670577; 3.77368223781e-06; 
221.7288556502234; 4.87105671709e-06; 
222.1758896333892; 3.00037550005e-06; 
222.622923616555; 1.44087925946e-06; 
223.0699575997208; 1.88206740859e-06; 
223.5169915828865; 1.35889877129e-06; 
223.9640255660523; 2.85988153337e-06; 
224.4110595492181; 5.79447032578e-06; 
224.8580935323839; 4.17153887611e-06; 
225.3051275155496; 2.47984507951e-06; 
225.7521614987154; 1.13240582778e-06; 
226.1991954818812; 1.32132163344e-06; 
226.646229465047; 3.33701109412e-06; 
227.0932634482127; 4.89653211844e-06; 
227.5402974313785; 3.2943946735e-06; 
227.9873314145443; 5.14643829774e-07; 
228.4343653977101; 1.74747412984e-06; 
228.8813993808758; 3.14097201226e-06; 
229.3284333640416; 2.25387861974e-06; 
229.7754673472074; 3.5763125652e-06; 
230.2225013303731; 1.88517594779e-06; 
230.6695353135389; 4.37609742221e-06; 
231.1165692967047; 4.30356703873e-06; 
231.5636032798704; 2.00295335162e-06; 
232.0106372630362; 3.37852861776e-06; 
232.457671246202; 1.67520829564e-06; 
232.9047052293678; 1.28429962842e-06; 
233.3517392125335; 2.70541727332e-06; 
233.7987731956993; 2.45794831244e-06; 
234.2458071788651; 7.16957060831e-07; 
234.6928411620309; 1.16740557132e-06; 
235.1398751451966; 2.56511634689e-06; 
235.5869091283624; 4.21744243795e-06; 
236.0339431115282; 2.86428780782e-06; 
236.480977094694; 2.31597823586e-06; 
236.9280110778597; 2.16700641431e-06; 
237.3750450610255; 9.95524715108e-07; 
237.8220790441913; 1.77271033408e-06; 
238.2691130273571; 4.49990864126e-07; 
238.7161470105228; 1.61742616456e-06; 
239.1631809936886; 1.0448551393e-06; 
239.6102149768544; 2.13263160731e-06; 
240.0572489600202; 3.84184750146e-06; 
240.5042829431859; 4.6448494686e-06; 
240.9513169263517; 2.65982771452e-06; 
241.3983509095175; 2.3816517114e-06; 
241.8453848926832; 4.98110011904e-07; 
242.292418875849; 2.60129877461e-06; 
242.7394528590148; 4.10290522268e-06; 
243.1864868421806; 2.73161458608e-06; 
243.6335208253463; 1.06111428977e-06; 
244.0805548085121; 2.93870152746e-06; 
244.5275887916779; 3.66476774616e-06; 
244.9746227748437; 1.27145040096e-06; 
245.4216567580094; 1.58792477123e-06; 
245.8686907411752; 2.10286157198e-06; 
246.315724724341; 2.39780069933e-06; 
246.7627587075067; 1.93876121557e-06; 
247.2097926906725; 1.89522609162e-06; 
247.6568266738383; 3.19192963616e-06; 
248.103860657004; 3.01744353237e-06; 
248.5508946401698; 2.8536840091e-06; 
248.9979286233356; 3.27656766785e-06; 
249.4449626065014; 4.03233752877e-06; 
249.8919965896671; 2.02379760594e-06; 
250.3390305728329; 2.9595369142e-06; 
250.7860645559987; 1.8001120452e-06; 
251.2330985391645; 1.49397112637e-06; 
251.6801325223302; 1.74686783794e-06; 
252.127166505496; 2.49573554356e-06; 
252.5742004886618; 2.40762369685e-06; 
253.0212344718276; 2.09795916817e-06; 
253.4682684549933; 1.09362667899e-06; 
253.9153024381591; 3.17363878821e-06; 
254.3623364213249; 3.19528635373e-06; 
254.8093704044907; 8.69637347023e-07; 
255.2564043876564; 4.31400792422e-07; 
255.7034383708222; 1.49290417539e-06; 
256.150472353988; 4.52274980489e-06; 
256.5975063371537; 4.60320279672e-06; 
257.0445403203195; 2.08808182833e-06; 
257.4915743034853; 9.46687350734e-07; 
257.9386082866511; 1.07491689505e-06; 
258.3856422698169; 1.49729919485e-06; 
258.8326762529826; 4.24308240099e-07; 
259.2797102361484; 1.78966547537e-06; 
259.7267442193142; 2.55605459643e-06; 
260.1737782024799; 1.76685341557e-06; 
260.6208121856457; 1.87533510143e-06; 
261.0678461688115; 1.98278462449e-06; 
261.5148801519773; 7.38795279176e-07; 
261.961914135143; 2.29911620409e-06; 
262.4089481183088; 2.55078748523e-06; 
262.8559821014746; 1.1459247844e-06; 
263.3030160846403; 9.55219434218e-07; 
263.7500500678061; 1.33038258809e-06; 
264.1970840509719; 1.28370368202e-06; 
264.6441180341376; 1.94090421246e-06; 
265.0911520173034; 2.849279781e-06; 
265.5381860004692; 2.35478023569e-06; 
265.985219983635; 3.23561744153e-06; 
266.4322539668008; 1.49562458773e-06; 
266.8792879499665; 1.80560607532e-06; 
267.3263219331323; 2.68768826572e-06; 
267.7733559162981; 2.65788207798e-06; 
268.2203898994638; 1.25774852222e-06; 
268.6674238826296; 7.55378493977e-07; 
269.1144578657954; 3.74245360035e-07; 
269.5614918489612; 2.81114898826e-06; 
270.008525832127; 3.8309494812e-06; 
270.4555598152927; 3.17097305924e-06; 
270.9025937984585; 3.68006817553e-06; 
271.3496277816242; 3.39784764947e-06; 
271.79666176479; 1.25100848436e-06; 
272.2436957479558; 1.84772682132e-06; 
272.6907297311216; 1.05328922473e-06; 
273.1377637142874; 1.20335209886e-06; 
273.5847976974532; 2.07722882806e-06; 
274.0318316806189; 2.11537121686e-06; 
274.4788656637847; 1.9108961169e-06; 
274.9258996469504; 3.15841771226e-06; 
275.3729336301162; 3.66511585526e-06; 
275.819967613282; 2.9103223369e-06; 
276.2670015964478; 3.91858566218e-06; 
276.7140355796136; 3.1370391298e-06; 
277.1610695627793; 2.91363494398e-06; 
277.6081035459451; 2.35007178162e-06; 
278.0551375291109; 2.32722140936e-06; 
278.5021715122766; 2.43809381573e-06; 
278.9492054954424; 2.68853204943e-06; 
279.3962394786082; 3.39248890668e-06; 
279.8432734617739; 3.59000455319e-06; 
280.2903074449397; 2.39472319663e-06; 
280.7373414281055; 1.97519352696e-06; 
281.1843754112713; 9.74928866526e-07; 
281.6314093944371; 2.88791034109e-06; 
282.0784433776028; 3.02612602354e-06; 
282.5254773607686; 1.87795569673e-06; 
282.9725113439343; 1.02300145954e-06; 
283.4195453271001; 2.87466582449e-06; 
283.8665793102659; 4.04074262406e-06; 
284.3136132934317; 3.76906973543e-06; 
284.7606472765975; 1.3962991261e-06; 
285.2076812597632; 2.77281810668e-06; 
285.654715242929; 3.66245308214e-06; 
286.1017492260948; 1.6303947632e-06; 
286.5487832092605; 1.97270469471e-06; 
286.9958171924263; 3.12111683343e-06; 
287.4428511755921; 2.60792990048e-06; 
287.8898851587579; 2.79278515336e-06; 
288.3369191419237; 3.01567638417e-06; 
288.7839531250894; 6.03776015851e-07; 
289.2309871082552; 1.61998548265e-06; 
289.678021091421; 2.4262021725e-06; 
290.1250550745867; 2.59935131908e-06; 
290.5720890577525; 9.66864377006e-07; 
291.0191230409183; 2.12520762943e-06; 
291.4661570240841; 3.44041313838e-06; 
291.9131910072498; 2.93856237477e-06; 
292.3602249904156; 7.63735670262e-07; 
292.8072589735814; 1.42941928516e-06; 
293.2542929567471; 4.19395490781e-07; 
293.7013269399129; 8.44343446715e-07; 
294.1483609230787; 5.21977426615e-07; 
294.5953949062445; 3.81714653486e-06; 
295.0424288894102; 5.84386543778e-06; 
295.489462872576; 3.81211521017e-06; 
295.9364968557418; 2.70079317488e-06; 
296.3835308389076; 4.37851576862e-06; 
296.8305648220733; 5.19029299539e-06; 
297.2775988052391; 3.54934672941e-06; 
297.7246327884048; 2.86318231701e-06; 
298.1716667715706; 4.2887836571e-06; 
298.6187007547364; 4.37676726506e-06; 
299.0657347379022; 3.5163125176e-06; 
299.512768721068; 2.65874950856e-06; 
299.9598027042338; 2.19232788368e-06; 
300.4068366873995; 3.45037665284e-06; 
300.8538706705653; 2.5593205919e-06; 
301.300904653731; 5.52562426037e-07; 
301.7479386368968; 1.52016218635e-06; 
302.1949726200626; 2.96194912153e-06; 
302.6420066032284; 2.33802211369e-06; 
303.0890405863942; 1.14950530872e-07; 
303.5360745695599; 1.97915096578e-06; 
303.9831085527257; 2.00590602617e-06; 
304.4301425358915; 3.64800513353e-07; 
304.8771765190572; 1.10009568743e-06; 
305.324210502223; 1.17317210879e-06; 
305.7712444853888; 3.30928264702e-06; 
306.2182784685546; 3.54882376996e-06; 
306.6653124517204; 1.61901959927e-06; 
307.1123464348861; 1.26757822727e-06; 
307.5593804180519; 5.24901395238e-07; 
308.0064144012177; 1.68134613432e-06; 
308.4534483843834; 9.85907490758e-07; 
308.9004823675492; 2.84956581709e-06; 
309.347516350715; 3.29511226482e-06; 
309.7945503338807; 8.73353997122e-07; 
310.2415843170465; 5.48503862774e-07; 
310.6886183002123; 1.81747779493e-07; 
