% Module: Scope, ID: c0p1t6p1cfm0
% Device: DEV7225
% Time: 2026/04/06 20:23:05
% Wave Channel 1, /dev7225/scopes/0/wave.0BWN
% Wave Channel 2, /dev7225/scopes/0/wave.1BWN
% Frequency (Hz); Wave Channel 1  Spectral Density (V/√Hz); Wave Channel 2  Spectral Density (√Hz)
0; 1.19402372837; 
0.447033130519369; 0.849887490273; 
0.8940662610387381; 0.018989790231; 
1.341099391558107; 0.00454407418147; 
1.788132522077476; 0.00182197266258; 
2.235165652596845; 0.000897421094123; 
2.682198783116214; 0.000447763246484; 
3.129231913635584; 0.000398225354729; 
3.576265044154952; 0.0002864850685; 
4.023298174674322; 0.000104140948679; 
4.470331305193691; 0.00014666984498; 
4.917364435713059; 0.000268693343969; 
5.364397566232428; 0.000139860858326; 
5.811430696751797; 0.000123140300275; 
6.258463827271167; 0.000114559297799; 
6.705496957790536; 0.00011516057566; 
7.152530088309905; 3.50487789547e-05; 
7.599563218829274; 0.000108171385364; 
8.046596349348643; 0.000161193413078; 
8.493629479868012; 9.38266821322e-05; 
8.940662610387381; 0.000137461480335; 
9.38769574090675; 0.000181420095032; 
9.834728871426119; 0.000121631783259; 
10.28176200194549; 9.22615581658e-05; 
10.72879513246486; 0.0001089664147; 
11.17582826298423; 9.13692128961e-05; 
11.62286139350359; 6.29400819889e-05; 
12.06989452402297; 8.02885733719e-06; 
12.51692765454233; 6.00462917646e-05; 
12.9639607850617; 0.000112100344268; 
13.41099391558107; 7.08306979504e-05; 
13.85802704610044; 8.16931496956e-05; 
14.30506017661981; 9.49800814851e-05; 
14.75209330713918; 4.92848339491e-05; 
15.19912643765855; 5.26211915712e-05; 
15.64615956817792; 8.36163380882e-05; 
16.09319269869729; 3.81860554626e-05; 
16.54022582921666; 4.92948856845e-05; 
16.98725895973602; 7.49764221837e-05; 
17.43429209025539; 3.40153710567e-05; 
17.88132522077476; 3.50340560544e-05; 
18.32835835129413; 4.10641077906e-05; 
18.7753914818135; 3.11800904456e-05; 
19.22242461233287; 3.363956057e-05; 
19.66945774285224; 5.68029645365e-05; 
20.11649087337161; 3.92310221287e-06; 
20.56352400389098; 6.20728678769e-05; 
21.01055713441034; 3.48954781657e-05; 
21.45759026492971; 5.00732639921e-05; 
21.90462339544908; 7.7463897469e-05; 
22.35165652596845; 4.61903873656e-05; 
22.79868965648782; 7.33850101824e-05; 
23.24572278700719; 6.67161366437e-05; 
23.69275591752656; 2.35655224969e-05; 
24.13978904804593; 2.06277964026e-05; 
24.5868221785653; 8.70898220455e-05; 
25.03385530908467; 0.000106988016341; 
25.48088843960404; 6.5299544076e-05; 
25.92792157012341; 6.80945304339e-05; 
26.37495470064277; 0.000107322775875; 
26.82198783116214; 0.000106223807961; 
27.26902096168151; 7.69279067754e-05; 
27.71605409220088; 3.49383262801e-05; 
28.16308722272025; 2.78761363006e-05; 
28.61012035323962; 6.88144136802e-05; 
29.05715348375899; 3.06237125187e-05; 
29.50418661427836; 5.11812977493e-05; 
29.95121974479773; 7.69663456595e-05; 
30.39825287531709; 6.08260452282e-05; 
30.84528600583646; 5.17957669217e-05; 
31.29231913635583; 5.78714971198e-05; 
31.7393522668752; 9.18589939829e-05; 
32.18638539739457; 4.91022874485e-05; 
32.63341852791394; 7.62824129197e-05; 
33.08045165843331; 7.8018194472e-05; 
33.52748478895268; 4.82076502522e-05; 
33.97451791947205; 4.6752516937e-05; 
34.42155104999141; 9.58024465945e-05; 
34.86858418051079; 4.84956981381e-05; 
35.31561731103015; 7.18685332686e-05; 
35.76265044154952; 9.91076813079e-05; 
36.20968357206889; 7.37446534913e-05; 
36.65671670258826; 9.68241220107e-05; 
37.10374983310763; 8.3440587332e-05; 
37.550782963627; 5.04255467604e-06; 
37.99781609414637; 2.90005773422e-05; 
38.44484922466574; 5.82907159696e-05; 
38.89188235518511; 8.56712431414e-05; 
39.33891548570448; 0.000103136801044; 
39.78594861622385; 7.70360857132e-05; 
40.23298174674321; 3.65794548998e-05; 
40.68001487726259; 2.93304201477e-05; 
41.12704800778195; 1.36210874189e-05; 
41.57408113830132; 5.8642388467e-05; 
42.02111426882069; 9.3096132332e-05; 
42.46814739934006; 8.91706440598e-05; 
42.91518052985943; 5.74922269152e-05; 
43.3622136603788; 3.91534958908e-05; 
43.80924679089816; 7.12378168828e-05; 
44.25627992141754; 5.07872682647e-05; 
44.7033130519369; 4.50937513961e-05; 
45.15034618245627; 7.41573676351e-05; 
45.59737931297564; 3.0051865906e-05; 
46.04441244349501; 1.41968748721e-05; 
46.49144557401438; 3.6115066905e-05; 
46.93847870453375; 5.09965393576e-05; 
47.38551183505312; 6.50849906378e-05; 
47.83254496557249; 2.62821704382e-05; 
48.27957809609186; 1.26072745843e-05; 
48.72661122661123; 1.34998626891e-05; 
49.1736443571306; 7.94642401161e-05; 
49.62067748764996; 0.000129788939375; 
50.06771061816934; 0.000129149135319; 
50.5147437486887; 0.000101260367956; 
50.96177687920807; 5.21094334545e-05; 
51.40881000972744; 5.74726000195e-05; 
51.85584314024681; 0.000115632225061; 
52.30287627076618; 5.84035260545e-05; 
52.74990940128555; 6.59483775962e-05; 
53.19694253180491; 0.000142655422678; 
53.64397566232429; 0.000168592145201; 
54.09100879284365; 0.000123268808238; 
54.53804192336302; 5.36128500244e-05; 
54.98507505388239; 5.33325146534e-05; 
55.43210818440176; 7.07758008502e-05; 
55.87914131492113; 5.89785631746e-05; 
56.3261744454405; 6.65489569656e-05; 
56.77320757595987; 8.65884649102e-05; 
57.22024070647924; 8.78578357515e-05; 
57.66727383699861; 6.47759297863e-05; 
58.11430696751798; 7.15358546586e-05; 
58.56134009803735; 9.16495337151e-05; 
59.00837322855671; 0.000165026052855; 
59.45540635907609; 0.00205747061409; 
59.90243948959545; 0.00607000244781; 
60.34947262011482; 0.00427999673411; 
60.79650575063419; 0.000475644337712; 
61.24353888115356; 9.9896624306e-06; 
61.69057201167293; 6.63531609462e-05; 
62.1376051421923; 6.84487604303e-05; 
62.58463827271166; 6.61806843709e-05; 
63.03167140323104; 8.3721082774e-05; 
63.4787045337504; 0.000113276146294; 
63.92573766426977; 4.29884312325e-05; 
64.37277079478915; 1.79562775884e-05; 
64.81980392530851; 0.000107086576463; 
65.26683705582788; 0.000176802423084; 
65.71387018634725; 0.000161430769367; 
66.16090331686662; 0.000124929909362; 
66.60793644738598; 0.00016983342357; 
67.05496957790535; 0.000194693217054; 
67.50200270842473; 0.000101691286545; 
67.9490358389441; 1.81938303285e-05; 
68.39606896946347; 2.9776861993e-05; 
68.84310209998283; 6.35370233795e-05; 
69.2901352305022; 0.000124026599224; 
69.73716836102157; 0.000120494645671; 
70.18420149154095; 6.16253601038e-05; 
70.6312346220603; 6.25238972134e-05; 
71.07826775257968; 4.83631520183e-05; 
71.52530088309905; 6.06484609307e-05; 
71.97233401361842; 5.26772455487e-05; 
72.41936714413778; 2.01034181373e-05; 
72.86640027465715; 4.62386778963e-05; 
73.31343340517653; 8.11306745163e-05; 
73.7604665356959; 8.82753811311e-05; 
74.20749966621526; 6.82308600517e-05; 
74.65453279673463; 0.000110770401079; 
75.101565927254; 4.55937843071e-05; 
75.54859905777337; 1.3294915334e-05; 
75.99563218829273; 1.08168578663e-05; 
76.4426653188121; 1.95211341634e-05; 
76.88969844933148; 2.55661052506e-05; 
77.33673157985085; 6.84178230586e-05; 
77.78376471037022; 3.93543123209e-05; 
78.23079784088958; 7.31045656721e-05; 
78.67783097140895; 4.52084859717e-05; 
79.12486410192832; 2.9807242754e-05; 
79.5718972324477; 3.25769251504e-05; 
80.01893036296705; 3.75123272534e-05; 
80.46596349348643; 6.5369749791e-05; 
80.9129966240058; 8.47759220051e-05; 
81.36002975452517; 3.05684843624e-05; 
81.80706288504453; 5.85198104091e-05; 
82.2540960155639; 0.000109036707727; 
82.70112914608328; 0.000163118020282; 
83.14816227660265; 0.000139828756801; 
83.59519540712201; 8.08034892543e-05; 
84.04222853764138; 0.000133213718073; 
84.48926166816075; 0.000105024751974; 
84.93629479868012; 5.14351486345e-05; 
85.38332792919948; 7.06067949068e-05; 
85.83036105971885; 3.49964939232e-05; 
86.27739419023823; 2.05442611332e-05; 
86.7244273207576; 3.64792722394e-05; 
87.17146045127697; 6.71908710501e-05; 
87.61849358179633; 8.30866702017e-05; 
88.0655267123157; 3.49280016962e-05; 
88.51255984283507; 2.9237337003e-05; 
88.95959297335445; 3.09612623823e-05; 
89.4066261038738; 2.01155489776e-05; 
89.85365923439318; 4.62716016045e-05; 
90.30069236491255; 1.94305321202e-05; 
90.74772549543192; 4.16053553636e-05; 
91.19475862595128; 2.01118418772e-05; 
91.64179175647065; 4.61147064925e-05; 
92.08882488699003; 3.33762109221e-05; 
92.5358580175094; 2.49271761277e-05; 
92.98289114802876; 4.81220413349e-05; 
93.42992427854813; 2.59382159129e-05; 
93.8769574090675; 3.04020068143e-05; 
94.32399053958687; 4.39195246145e-05; 
94.77102367010623; 6.03265325481e-05; 
95.2180568006256; 5.64414731343e-05; 
95.66508993114498; 6.76136623952e-05; 
96.11212306166435; 3.12903612212e-05; 
96.55915619218372; 2.30229707086e-05; 
97.00618932270308; 4.04128513765e-05; 
97.45322245322245; 8.91093513928e-05; 
97.90025558374182; 5.76650600124e-05; 
98.3472887142612; 2.64089503617e-05; 
98.79432184478055; 5.14502826263e-05; 
99.24135497529993; 8.04084338597e-05; 
99.6883881058193; 6.26047476544e-05; 
100.1354212363387; 5.27506090293e-05; 
100.582454366858; 7.77000605012e-05; 
101.0294874973774; 6.15595490672e-05; 
101.4765206278968; 3.74730370822e-05; 
101.9235537584161; 7.42700358387e-05; 
102.3705868889355; 8.09551347629e-05; 
102.8176200194549; 9.56289004534e-05; 
103.2646531499743; 5.47673844267e-05; 
103.7116862804936; 2.64741011051e-05; 
104.158719411013; 7.47038648115e-05; 
104.6057525415324; 7.73432766437e-05; 
105.0527856720517; 4.29685424024e-05; 
105.4998188025711; 3.05925095745e-05; 
105.9468519330905; 5.11536745762e-05; 
106.3938850636098; 3.0138899092e-05; 
106.8409181941292; 2.40836834564e-05; 
107.2879513246486; 2.30645382544e-05; 
107.7349844551679; 2.80637123069e-05; 
108.1820175856873; 8.18156149762e-06; 
108.6290507162067; 5.26483745489e-05; 
109.076083846726; 1.60916642926e-05; 
109.5231169772454; 6.01124338573e-05; 
109.9701501077648; 1.35735781441e-05; 
110.4171832382842; 0.000134435569635; 
110.8642163688035; 0.000127440143842; 
111.3112494993229; 6.45184118184e-05; 
111.7582826298423; 9.60945762927e-05; 
112.2053157603616; 6.17819314357e-05; 
112.652348890881; 2.48509586527e-05; 
113.0993820214004; 6.67230415274e-05; 
113.5464151519197; 5.50440563529e-06; 
113.9934482824391; 8.75237747096e-05; 
114.4404814129585; 9.2599351774e-05; 
114.8875145434778; 4.85794371343e-05; 
115.3345476739972; 4.6428769565e-05; 
115.7815808045166; 6.21044891886e-05; 
116.228613935036; 6.39117497485e-05; 
116.6756470655553; 3.21014413203e-05; 
117.1226801960747; 4.78371111967e-05; 
117.5697133265941; 2.08222645597e-05; 
118.0167464571134; 6.88587306286e-06; 
118.4637795876328; 4.41516749561e-05; 
118.9108127181522; 8.47949995659e-05; 
119.3578458486715; 6.19883212494e-05; 
119.8048789791909; 0.000507559510879; 
120.2519121097103; 0.000493341707624; 
120.6989452402296; 0.000101154415461; 
121.145978370749; 4.7814737627e-05; 
121.5930115012684; 3.50238406099e-05; 
122.0400446317878; 2.97774640785e-05; 
122.4870777623071; 3.98397460231e-05; 
122.9341108928265; 9.94207002805e-05; 
123.3811440233459; 4.19630123361e-05; 
123.8281771538652; 9.16049539228e-05; 
124.2752102843846; 0.00010492005822; 
124.722243414904; 7.44056233088e-05; 
125.1692765454233; 6.09374292253e-05; 
125.6163096759427; 5.84613298997e-05; 
126.0633428064621; 6.62568054395e-05; 
126.5103759369814; 4.54458531749e-05; 
126.9574090675008; 3.94791459257e-05; 
127.4044421980202; 6.15211101831e-05; 
127.8514753285395; 5.80802079639e-05; 
128.2985084590589; 6.49332359899e-05; 
128.7455415895783; 1.76189314516e-05; 
129.1925747200977; 1.73101107066e-05; 
129.639607850617; 5.59785439691e-05; 
130.0866409811364; 7.04576450516e-05; 
130.5336741116558; 4.79189984617e-05; 
130.9807072421751; 4.20918549935e-05; 
131.4277403726945; 2.81606189674e-05; 
131.8747735032139; 8.81461892277e-05; 
132.3218066337332; 9.63942293311e-05; 
132.7688397642526; 4.58240901935e-05; 
133.215872894772; 5.31728728674e-05; 
133.6629060252913; 8.88311042218e-05; 
134.1099391558107; 5.14633284183e-05; 
134.5569722863301; 8.27512412798e-05; 
135.0040054168495; 7.22130353097e-05; 
135.4510385473688; 7.35580761102e-05; 
135.8980716778882; 0.000100525714515; 
136.3451048084076; 3.28325113514e-05; 
136.7921379389269; 8.81880914676e-05; 
137.2391710694463; 8.35247628856e-05; 
137.6862041999657; 6.37957491563e-05; 
138.133237330485; 4.490424908e-05; 
138.5802704610044; 8.51274598972e-05; 
139.0273035915238; 7.40203759051e-05; 
139.4743367220431; 5.56674312975e-05; 
139.9213698525625; 2.55719314737e-05; 
140.3684029830819; 5.28476666659e-05; 
140.8154361136012; 6.59116340103e-05; 
141.2624692441206; 7.34488494345e-05; 
141.70950237464; 7.55565197323e-05; 
142.1565355051594; 9.4156297564e-05; 
142.6035686356787; 0.000112763162178; 
143.0506017661981; 5.79205807298e-05; 
143.4976348967175; 2.38730845012e-05; 
143.9446680272368; 3.23657659465e-05; 
144.3917011577562; 5.05375792272e-05; 
144.8387342882756; 5.52923957002e-05; 
145.2857674187949; 5.55164006073e-05; 
145.7328005493143; 3.33255047735e-05; 
146.1798336798337; 1.38661516758e-05; 
146.6268668103531; 4.62229900222e-06; 
147.0738999408724; 1.89598595171e-05; 
147.5209330713918; 3.20599829138e-05; 
147.9679662019112; 4.46646481578e-05; 
148.4149993324305; 0.000152819018695; 
148.8620324629499; 0.000173997468664; 
149.3090655934693; 0.000121797005704; 
149.7560987239886; 7.55951477913e-05; 
150.203131854508; 3.69553272321e-05; 
150.6501649850274; 1.81781815627e-05; 
151.0971981155467; 2.84164379991e-05; 
151.5442312460661; 6.49841022096e-05; 
151.9912643765855; 3.19075406878e-05; 
152.4382975071048; 1.66929330589e-05; 
152.8853306376242; 3.21280640492e-05; 
153.3323637681436; 9.57320116868e-06; 
153.779396898663; 2.36787091126e-05; 
154.2264300291823; 3.54276635335e-05; 
154.6734631597017; 4.20126089011e-05; 
155.1204962902211; 4.21484983235e-05; 
155.5675294207404; 2.23107872444e-05; 
156.0145625512598; 6.91428722348e-05; 
156.4615956817792; 5.41865083505e-05; 
156.9086288122985; 3.80094897992e-05; 
157.3556619428179; 4.7691832151e-05; 
157.8026950733373; 3.70398884115e-05; 
158.2497282038566; 2.53264934145e-05; 
158.696761334376; 2.9221542718e-05; 
159.1437944648954; 4.85378041049e-05; 
159.5908275954147; 4.63342767034e-05; 
160.0378607259341; 3.22306368616e-05; 
160.4848938564535; 2.9608292607e-05; 
160.9319269869729; 2.51105902862e-05; 
161.3789601174922; 5.53644313186e-05; 
161.8259932480116; 4.44406941824e-05; 
162.273026378531; 6.79848890286e-05; 
162.7200595090503; 4.95322674396e-05; 
163.1670926395697; 3.18123602483e-05; 
163.6141257700891; 3.6503719457e-05; 
164.0611589006084; 2.94155015581e-05; 
164.5081920311278; 7.303935854e-05; 
164.9552251616472; 0.000113448346383; 
165.4022582921666; 0.000102464524389; 
165.8492914226859; 4.13883644796e-05; 
166.2963245532053; 8.48066993058e-05; 
166.7433576837247; 3.20018116327e-05; 
167.190390814244; 9.77172931016e-06; 
167.6374239447634; 4.35401161667e-05; 
168.0844570752828; 6.80610610289e-05; 
168.5314902058021; 0.000100717661553; 
168.9785233363215; 8.27824114822e-05; 
169.4255564668409; 5.36737497896e-05; 
169.8725895973602; 7.67843084759e-05; 
170.3196227278796; 3.4748321923e-05; 
170.766655858399; 4.87907745992e-05; 
171.2136889889183; 4.0429073124e-05; 
171.6607221194377; 6.16615288891e-05; 
172.1077552499571; 5.66551716474e-05; 
172.5547883804765; 3.3243715734e-05; 
173.0018215109958; 9.37377335504e-05; 
173.4488546415152; 7.35319699743e-05; 
173.8958877720346; 6.72603782732e-05; 
174.3429209025539; 0.000102508558484; 
174.7899540330733; 9.63412458077e-05; 
175.2369871635927; 4.20599062636e-05; 
175.684020294112; 7.42681586416e-05; 
176.1310534246314; 7.25330028217e-05; 
176.5780865551508; 5.60143416806e-05; 
177.0251196856701; 5.61933775316e-05; 
177.4721528161895; 1.33350122269e-05; 
177.9191859467089; 4.1454040911e-05; 
178.3662190772282; 0.000133988054586; 
178.8132522077476; 0.000260761502432; 
179.260285338267; 0.000865521142259; 
179.7073184687864; 0.00827627629042; 
180.1543515993057; 0.0107279457152; 
180.6013847298251; 0.00323854503222; 
181.0484178603445; 0.000258097046753; 
181.4954509908638; 8.76787380548e-05; 
181.9424841213832; 0.000105768842332; 
182.3895172519026; 3.30236762238e-05; 
182.8365503824219; 3.91826870327e-05; 
183.2835835129413; 6.14112504991e-05; 
183.7306166434607; 5.98545484536e-05; 
184.1776497739801; 7.64078940847e-05; 
184.6246829044994; 8.48384806886e-05; 
185.0717160350188; 6.39882928226e-05; 
185.5187491655382; 8.1274403783e-05; 
185.9657822960575; 3.43717802025e-05; 
186.4128154265769; 1.61876250786e-05; 
186.8598485570963; 2.12838276639e-05; 
187.3068816876156; 2.20941619773e-05; 
187.753914818135; 4.65262310172e-05; 
188.2009479486544; 1.26985050883e-05; 
188.6479810791737; 3.99292184738e-05; 
189.0950142096931; 2.84575562546e-05; 
189.5420473402125; 3.72353679268e-05; 
189.9890804707318; 4.30229374615e-05; 
190.4361136012512; 1.44765890582e-05; 
190.8831467317706; 6.71724628774e-05; 
191.33017986229; 8.19709239295e-05; 
191.7772129928093; 4.93234147143e-05; 
192.2242461233287; 2.00971080631e-05; 
192.6712792538481; 3.45150874637e-05; 
193.1183123843674; 9.50471894612e-06; 
193.5653455148868; 4.04769270972e-05; 
194.0123786454062; 2.80397198367e-05; 
194.4594117759255; 2.76837326965e-05; 
194.9064449064449; 3.91980611312e-05; 
195.3534780369643; 8.14702143543e-05; 
195.8005111674836; 6.22097286396e-05; 
196.247544298003; 5.0044447562e-05; 
196.6945774285224; 1.41134050864e-05; 
197.1416105590417; 6.07302099525e-05; 
197.5886436895611; 6.61887024762e-05; 
198.0356768200805; 6.74177208566e-05; 
198.4827099505999; 0.000110243439849; 
198.9297430811192; 7.21177711966e-05; 
199.3767762116386; 6.64518738631e-05; 
199.823809342158; 5.30985525984e-05; 
200.2708424726773; 4.39899558842e-05; 
200.7178756031967; 8.43893212732e-05; 
201.1649087337161; 8.00851048552e-05; 
201.6119418642354; 8.40271241032e-05; 
202.0589749947548; 0.00011072876805; 
202.5060081252742; 0.000111539913632; 
202.9530412557936; 0.000113771515316; 
203.4000743863129; 4.29744941357e-05; 
203.8471075168323; 3.88904009014e-05; 
204.2941406473517; 1.49676379806e-05; 
204.741173777871; 4.2300842324e-05; 
205.1882069083904; 6.6008658905e-05; 
205.6352400389098; 8.44668684294e-05; 
206.0822731694291; 4.97712317156e-05; 
206.5293062999485; 3.04428431264e-05; 
206.9763394304679; 5.54106482014e-05; 
207.4233725609872; 4.00752833229e-05; 
207.8704056915066; 2.69483407465e-05; 
208.317438822026; 1.99842233997e-05; 
208.7644719525453; 4.47173915745e-05; 
209.2115050830647; 3.34622636728e-05; 
209.6585382135841; 1.7542981368e-05; 
210.1055713441035; 7.72317289375e-05; 
210.5526044746228; 4.61574418296e-05; 
210.9996376051422; 5.67669012526e-05; 
211.4466707356616; 7.11305110599e-05; 
211.8937038661809; 6.27063400316e-06; 
212.3407369967003; 1.20552531371e-05; 
212.7877701272197; 2.43727972702e-05; 
213.234803257739; 4.30265172326e-05; 
213.6818363882584; 4.61243325844e-05; 
214.1288695187778; 8.36500548758e-05; 
214.5759026492971; 0.00010712389485; 
215.0229357798165; 3.43621868524e-05; 
215.4699689103359; 2.40208137257e-05; 
215.9170020408552; 1.96591245185e-05; 
216.3640351713746; 6.58738426864e-05; 
216.811068301894; 6.42809827696e-05; 
217.2581014324134; 2.66815677605e-05; 
217.7051345629327; 2.0595616661e-05; 
218.1521676934521; 4.64215190732e-05; 
218.5992008239715; 5.46312730876e-05; 
219.0462339544908; 9.92427976598e-06; 
219.4932670850102; 2.49362037721e-05; 
219.9403002155296; 2.5292762075e-05; 
220.3873333460489; 4.63908763777e-05; 
220.8343664765683; 0.000102793623228; 
221.2813996070877; 8.55374601088e-05; 
221.7284327376071; 7.49654500396e-05; 
222.1754658681264; 6.31271468592e-05; 
222.6224989986458; 3.59629593731e-05; 
223.0695321291652; 6.53492243146e-05; 
223.5165652596845; 6.64124308969e-05; 
223.9635983902039; 4.59622351627e-05; 
224.4106315207233; 4.46758094768e-05; 
224.8576646512426; 5.00659771205e-05; 
225.304697781762; 3.28573769366e-05; 
225.7517309122814; 3.39971447829e-05; 
226.1987640428007; 5.65157752135e-05; 
226.6457971733201; 1.74651395355e-05; 
227.0928303038395; 5.16409018019e-05; 
227.5398634343588; 6.45615073154e-05; 
227.9868965648782; 4.54218861705e-05; 
228.4339296953976; 3.30938419211e-05; 
228.880962825917; 5.03130650031e-05; 
229.3279959564363; 5.44152790098e-05; 
229.7750290869557; 7.2215218097e-05; 
230.2220622174751; 3.88989792555e-05; 
230.6690953479944; 4.93683946843e-05; 
231.1161284785138; 5.67198985664e-05; 
231.5631616090332; 7.2333321441e-05; 
232.0101947395525; 6.04054002906e-05; 
232.4572278700719; 2.23161041504e-05; 
232.9042610005913; 1.44793675645e-05; 
233.3512941311106; 6.58689896227e-05; 
233.79832726163; 6.76991330693e-05; 
234.2453603921494; 6.20652281214e-05; 
234.6923935226687; 6.14101008978e-05; 
235.1394266531881; 7.93987055658e-05; 
235.5864597837075; 3.19145037793e-05; 
236.0334929142269; 6.61977901473e-05; 
236.4805260447462; 8.29524869914e-05; 
236.9275591752656; 4.01393990614e-05; 
237.374592305785; 2.2589287255e-05; 
237.8216254363043; 5.29630779056e-05; 
238.2686585668237; 3.34460346494e-05; 
238.7156916973431; 4.99487432535e-05; 
239.1627248278624; 9.45680731093e-05; 
239.6097579583818; 7.75742519181e-05; 
240.0567910889012; 0.000234937120695; 
240.5038242194206; 0.000141660188092; 
240.9508573499399; 5.69835283386e-05; 
241.3978904804593; 4.54228647868e-05; 
241.8449236109787; 4.65628800157e-05; 
242.291956741498; 3.75051968149e-05; 
242.7389898720174; 3.58069773938e-05; 
243.1860230025368; 8.21443099994e-05; 
243.6330561330561; 6.68823777232e-05; 
244.0800892635755; 3.16951991408e-05; 
244.5271223940949; 2.89056551992e-05; 
244.9741555246142; 9.47007574723e-05; 
245.4211886551336; 9.07831345103e-05; 
245.868221785653; 2.48846063187e-05; 
246.3152549161723; 3.79955272365e-05; 
246.7622880466917; 8.0185745901e-05; 
247.2093211772111; 5.24432725797e-05; 
247.6563543077305; 6.93411639077e-05; 
248.1033874382498; 4.13686429965e-05; 
248.5504205687692; 6.54463874525e-05; 
248.9974536992886; 7.53387066652e-05; 
249.4444868298079; 5.77249302296e-05; 
249.8915199603273; 3.16721780109e-05; 
250.3385530908467; 4.83530930069e-05; 
250.785586221366; 2.16090265894e-05; 
251.2326193518854; 2.95863901556e-05; 
251.6796524824048; 3.36381381203e-05; 
252.1266856129241; 7.67983874539e-05; 
252.5737187434435; 6.09624548815e-05; 
253.0207518739629; 4.09721433243e-05; 
253.4677850044822; 9.07140420168e-05; 
253.9148181350016; 7.28476952645e-05; 
254.361851265521; 6.73885951983e-05; 
254.8088843960404; 8.13298829598e-05; 
255.2559175265597; 3.93100999645e-05; 
255.7029506570791; 2.67098785116e-05; 
256.1499837875984; 4.07267980336e-05; 
256.5970169181178; 1.77174370037e-05; 
257.0440500486372; 1.73277821887e-05; 
257.4910831791566; 3.92193614971e-05; 
257.9381163096759; 4.41763040726e-05; 
258.3851494401953; 3.41156010109e-05; 
258.8321825707147; 3.00977098959e-05; 
259.279215701234; 2.78977840935e-05; 
259.7262488317534; 3.68677319784e-05; 
260.1732819622728; 4.80422531837e-05; 
260.6203150927922; 3.00567571685e-05; 
261.0673482233115; 5.11719508722e-06; 
261.5143813538309; 4.05945320381e-05; 
261.9614144843503; 5.46110823052e-05; 
262.4084476148697; 2.71614808298e-05; 
262.855480745389; 6.83119578753e-05; 
263.3025138759083; 9.83741047094e-05; 
263.7495470064277; 6.82843383402e-05; 
264.1965801369471; 4.12575318478e-05; 
264.6436132674665; 3.29277827404e-05; 
265.0906463979858; 6.72371388646e-05; 
265.5376795285052; 5.0092505262e-05; 
265.9847126590246; 3.77062060579e-05; 
266.4317457895439; 3.79050579795e-05; 
266.8787789200633; 4.40904696006e-05; 
267.3258120505827; 3.28741407429e-05; 
267.7728451811021; 4.13887246395e-05; 
268.2198783116214; 2.78573952528e-05; 
268.6669114421408; 2.11448659684e-05; 
269.1139445726602; 5.0105387345e-05; 
269.5609777031796; 3.24879438267e-05; 
270.0080108336989; 2.05970463867e-05; 
270.4550439642182; 2.21277405217e-05; 
270.9020770947376; 3.13301170536e-05; 
271.349110225257; 3.68907931261e-05; 
271.7961433557764; 8.26430768939e-05; 
272.2431764862957; 6.15264143562e-05; 
272.6902096168151; 2.21987702389e-05; 
273.1372427473345; 4.21392069256e-05; 
273.5842758778539; 1.93417490664e-05; 
274.0313090083732; 3.71856003767e-05; 
274.4783421388926; 5.41311674169e-05; 
274.925375269412; 6.14540549577e-05; 
275.3724083999313; 8.68090410222e-06; 
275.8194415304507; 5.41746085219e-05; 
276.2664746609701; 2.55664763245e-05; 
276.7135077914895; 3.11599796987e-05; 
277.1605409220088; 3.97401745431e-05; 
277.6075740525282; 6.02590116614e-05; 
278.0546071830476; 7.63755306252e-05; 
278.5016403135669; 5.54639773327e-05; 
278.9486734440863; 7.35824141884e-05; 
279.3957065746056; 4.54511100543e-05; 
279.842739705125; 3.58916950063e-05; 
280.2897728356444; 6.30528375041e-05; 
280.7368059661638; 5.162405796e-05; 
281.1838390966831; 2.7904561648e-05; 
281.6308722272025; 3.84700106224e-05; 
282.0779053577219; 3.49711008312e-05; 
282.5249384882412; 1.51460490088e-05; 
282.9719716187606; 5.58504907531e-05; 
283.41900474928; 2.7846375815e-05; 
283.8660378797994; 2.00681406568e-05; 
284.3130710103187; 4.84985284857e-05; 
284.7601041408381; 8.35688551888e-05; 
285.2071372713575; 6.33765303064e-05; 
285.6541704018768; 3.9753758756e-05; 
286.1012035323962; 4.2774110625e-05; 
286.5482366629155; 6.26093897154e-05; 
286.9952697934349; 1.44762261698e-05; 
287.4423029239543; 0.000103251244582; 
287.8893360544737; 0.000125487611513; 
288.336369184993; 0.000122544341139; 
288.7834023155124; 7.41361654946e-05; 
289.2304354460318; 3.66757740267e-05; 
289.6774685765511; 2.55907798419e-05; 
290.1245017070705; 1.43663701238e-05; 
290.5715348375899; 2.1460611606e-05; 
291.0185679681093; 2.43677368417e-05; 
291.4656010986286; 5.60279404453e-05; 
291.912634229148; 8.8952765509e-05; 
292.3596673596674; 6.09650269325e-05; 
292.8067004901867; 3.09488968924e-05; 
293.2537336207061; 2.84478373942e-05; 
293.7007667512254; 2.48270043812e-05; 
294.1477998817448; 4.97239379911e-05; 
294.5948330122642; 4.82668474433e-05; 
295.0418661427836; 6.86593702994e-05; 
295.4888992733029; 8.93221367733e-05; 
295.9359324038223; 8.29689888633e-05; 
296.3829655343417; 6.55336552882e-05; 
296.829998664861; 2.16353219002e-05; 
297.2770317953804; 5.62262066524e-05; 
297.7240649258998; 3.89218366763e-05; 
298.1710980564192; 2.69223382929e-05; 
298.6181311869385; 4.85921336804e-05; 
299.0651643174579; 9.08100919332e-05; 
299.5121974479773; 0.00128048099577; 
299.9592305784967; 0.00338193122298; 
300.406263709016; 0.00216034823097; 
300.8532968395353; 0.000162546755746; 
301.3003299700547; 3.81386234949e-05; 
301.7473631005741; 5.93681106693e-05; 
302.1943962310935; 2.32218753808e-05; 
302.6414293616128; 1.23297049868e-05; 
303.0884624921322; 3.14777389576e-05; 
303.5354956226516; 6.65570405545e-05; 
303.9825287531709; 3.71282731066e-05; 
304.4295618836903; 4.97686705785e-05; 
304.8765950142097; 9.87490348052e-05; 
305.3236281447291; 8.03084913059e-05; 
305.7706612752484; 2.96670186799e-05; 
306.2176944057678; 3.28822284246e-06; 
306.6647275362872; 1.63476015587e-05; 
307.1117606668066; 1.48549941059e-06; 
307.5587937973259; 4.40118947154e-06; 
308.0058269278452; 6.07398760621e-05; 
308.4528600583646; 7.2813963925e-05; 
308.899893188884; 8.3744082076e-05; 
309.3469263194034; 6.34678435745e-05; 
309.7939594499227; 3.99951568397e-05; 
310.2409925804421; 6.11955183558e-05; 
310.6880257109615; 3.80640158255e-05; 
311.1350588414809; 3.49325819116e-05; 
311.5820919720002; 2.90129173663e-05; 
312.0291251025196; 2.32709153352e-05; 
312.476158233039; 5.65381014894e-05; 
312.9231913635583; 0.000108674845251; 
313.3702244940777; 9.65538929449e-05; 
313.8172576245971; 0.000100234130514; 
314.2642907551165; 7.45624492993e-05; 
314.7113238856358; 6.54544273857e-05; 
315.1583570161552; 0.000120552576846; 
315.6053901466746; 4.54201726825e-05; 
316.0524232771939; 2.059698636e-05; 
316.4994564077133; 5.36543939234e-06; 
316.9464895382326; 1.21227067211e-05; 
317.393522668752; 3.24583925249e-05; 
317.8405557992714; 3.52539682353e-05; 
318.2875889297908; 5.75530975766e-05; 
318.7346220603101; 8.84824039531e-05; 
319.1816551908295; 6.02161489951e-05; 
