% Module: Scope, ID: c0p1t6p1cfm0
% Device: DEV7225
% Time: 2026/04/06 20:32:44
% Wave Channel 1, /dev7225/scopes/0/wave.0BWN
% Wave Channel 2, /dev7225/scopes/0/wave.1BWN
% Frequency (Hz); Wave Channel 1  Spectral Density (V/√Hz); Wave Channel 2  Spectral Density (√Hz)
0; 1.26193845272; 
0.447033130519369; 0.924315035343; 
0.8940662610387381; 0.0569807030261; 
1.341099391558107; 0.0140844546258; 
1.788132522077476; 0.00562753109261; 
2.235165652596845; 0.00278817210346; 
2.682198783116214; 0.00164022808895; 
3.129231913635584; 0.00100560777355; 
3.576265044154952; 0.000688299536705; 
4.023298174674322; 0.000429759093095; 
4.470331305193691; 0.000370690715499; 
4.917364435713059; 0.000254420156125; 
5.364397566232428; 0.000189370548469; 
5.811430696751797; 0.000144528894452; 
6.258463827271167; 0.000147775572259; 
6.705496957790536; 0.000123499528854; 
7.152530088309905; 5.72207318328e-05; 
7.599563218829274; 8.5095569375e-05; 
8.046596349348643; 6.53024981148e-05; 
8.493629479868012; 2.51123565249e-05; 
8.940662610387381; 6.33181989542e-05; 
9.38769574090675; 5.44884424016e-05; 
9.834728871426119; 3.04699406115e-05; 
10.28176200194549; 1.92219304154e-05; 
10.72879513246486; 0.000102243640868; 
11.17582826298423; 3.76025200239e-05; 
11.62286139350359; 2.49283912126e-05; 
12.06989452402297; 6.50573856547e-05; 
12.51692765454233; 3.21780862578e-05; 
12.9639607850617; 4.78440197185e-05; 
13.41099391558107; 3.67178508895e-05; 
13.85802704610044; 1.73643329617e-05; 
14.30506017661981; 2.02088849619e-05; 
14.75209330713918; 6.45690306555e-05; 
15.19912643765855; 9.27951441554e-06; 
15.64615956817792; 2.59681601165e-05; 
16.09319269869729; 1.70958392118e-05; 
16.54022582921666; 7.30025058147e-05; 
16.98725895973602; 6.4992782427e-05; 
17.43429209025539; 4.89292360726e-05; 
17.88132522077476; 4.27239720011e-05; 
18.32835835129413; 2.742579818e-05; 
18.7753914818135; 2.44993661909e-05; 
19.22242461233287; 3.90248678741e-05; 
19.66945774285224; 2.73341556749e-05; 
20.11649087337161; 3.39751240972e-05; 
20.56352400389098; 2.3070098905e-05; 
21.01055713441034; 3.01682721329e-05; 
21.45759026492971; 2.24759660341e-05; 
21.90462339544908; 5.51256198378e-06; 
22.35165652596845; 1.63895874721e-05; 
22.79868965648782; 3.48452595063e-05; 
23.24572278700719; 4.36445297964e-05; 
23.69275591752656; 4.18853960582e-05; 
24.13978904804593; 1.61816624313e-05; 
24.5868221785653; 4.39597242803e-05; 
25.03385530908467; 4.88322475576e-05; 
25.48088843960404; 4.44251018052e-05; 
25.92792157012341; 6.23444648227e-05; 
26.37495470064277; 6.60208315821e-05; 
26.82198783116214; 5.91604693909e-05; 
27.26902096168151; 5.30637807969e-05; 
27.71605409220088; 2.70676573564e-05; 
28.16308722272025; 2.12163104152e-05; 
28.61012035323962; 4.46850608569e-05; 
29.05715348375899; 4.90983475174e-05; 
29.50418661427836; 3.71340365746e-06; 
29.95121974479773; 2.26154534175e-05; 
30.39825287531709; 1.84996042663e-05; 
30.84528600583646; 3.66341046174e-05; 
31.29231913635583; 2.4179538741e-05; 
31.7393522668752; 4.03633530368e-05; 
32.18638539739457; 6.50017827866e-05; 
32.63341852791394; 6.5740699938e-05; 
33.08045165843331; 5.61678898521e-05; 
33.52748478895268; 4.14696114603e-05; 
33.97451791947205; 3.84986160498e-05; 
34.42155104999141; 3.74119954358e-05; 
34.86858418051079; 3.61736347259e-05; 
35.31561731103015; 2.66877614195e-05; 
35.76265044154952; 2.06051554414e-05; 
36.20968357206889; 2.39493328991e-05; 
36.65671670258826; 3.05982975988e-05; 
37.10374983310763; 4.30416475865e-05; 
37.550782963627; 5.68595642108e-05; 
37.99781609414637; 4.7268516937e-05; 
38.44484922466574; 3.12535958074e-05; 
38.89188235518511; 4.43295029982e-05; 
39.33891548570448; 1.85561657418e-05; 
39.78594861622385; 1.79501857929e-05; 
40.23298174674321; 1.47761193148e-05; 
40.68001487726259; 2.64647514996e-05; 
41.12704800778195; 5.21679321537e-05; 
41.57408113830132; 4.24442187068e-05; 
42.02111426882069; 2.47425359703e-05; 
42.46814739934006; 5.124434756e-05; 
42.91518052985943; 5.02937200508e-06; 
43.3622136603788; 5.20744688401e-05; 
43.80924679089816; 8.21911016828e-05; 
44.25627992141754; 7.57237357902e-05; 
44.7033130519369; 5.69593285036e-05; 
45.15034618245627; 4.9252063036e-05; 
45.59737931297564; 6.21422368567e-05; 
46.04441244349501; 4.80156195408e-05; 
46.49144557401438; 1.35798463816e-05; 
46.93847870453375; 1.21935327115e-05; 
47.38551183505312; 1.07937448774e-05; 
47.83254496557249; 2.60607866949e-05; 
48.27957809609186; 4.14242094848e-05; 
48.72661122661123; 2.99077491945e-05; 
49.1736443571306; 3.16167315759e-05; 
49.62067748764996; 2.93529483315e-05; 
50.06771061816934; 2.48315191129e-05; 
50.5147437486887; 4.67262361781e-06; 
50.96177687920807; 3.54948278982e-05; 
51.40881000972744; 5.70003649045e-05; 
51.85584314024681; 9.99151507131e-06; 
52.30287627076618; 2.13938274101e-05; 
52.74990940128555; 1.59941482707e-05; 
53.19694253180491; 4.62708521809e-05; 
53.64397566232429; 6.60298683215e-05; 
54.09100879284365; 4.210069892e-05; 
54.53804192336302; 2.01417260541e-05; 
54.98507505388239; 4.15568392782e-05; 
55.43210818440176; 1.79969574674e-05; 
55.87914131492113; 2.42322657868e-05; 
56.3261744454405; 2.73026944342e-05; 
56.77320757595987; 2.51733999903e-05; 
57.22024070647924; 2.67737977993e-05; 
57.66727383699861; 2.24972427532e-05; 
58.11430696751798; 3.8812373532e-05; 
58.56134009803735; 3.48470966856e-05; 
59.00837322855671; 6.8893241405e-05; 
59.45540635907609; 0.000612755655311; 
59.90243948959545; 0.00151849153917; 
60.34947262011482; 0.000883209460881; 
60.79650575063419; 2.04101725103e-05; 
61.24353888115356; 3.72515642084e-05; 
61.69057201167293; 5.05665157107e-05; 
62.1376051421923; 2.30162640946e-05; 
62.58463827271166; 3.05478388327e-05; 
63.03167140323104; 4.729547436e-05; 
63.4787045337504; 0.000100833982287; 
63.92573766426977; 0.000153940534801; 
64.37277079478915; 6.31516595604e-05; 
64.81980392530851; 2.49996683124e-05; 
65.26683705582788; 3.53311552317e-05; 
65.71387018634725; 6.72223686706e-05; 
66.16090331686662; 0.000238713546423; 
66.60793644738598; 0.000286561407847; 
67.05496957790535; 6.46958287689e-05; 
67.50200270842473; 1.78546670213e-05; 
67.9490358389441; 2.68712883553e-05; 
68.39606896946347; 4.1823626816e-05; 
68.84310209998283; 2.08789024327e-05; 
69.2901352305022; 1.86936922546e-05; 
69.73716836102157; 4.90843558509e-05; 
70.18420149154095; 1.6562466044e-05; 
70.6312346220603; 4.71727689728e-05; 
71.07826775257968; 1.94789136003e-05; 
71.52530088309905; 1.29928193928e-05; 
71.97233401361842; 5.13027225679e-05; 
72.41936714413778; 8.77170168678e-05; 
72.86640027465715; 5.48657335457e-05; 
73.31343340517653; 2.99812945741e-05; 
73.7604665356959; 2.36581017816e-05; 
74.20749966621526; 1.00892411865e-05; 
74.65453279673463; 2.56277126027e-05; 
75.101565927254; 1.43768602356e-05; 
75.54859905777337; 3.19128084811e-05; 
75.99563218829273; 1.93504947674e-05; 
76.4426653188121; 4.64506811113e-05; 
76.88969844933148; 5.34359169251e-05; 
77.33673157985085; 2.62591565843e-05; 
77.78376471037022; 2.04774569283e-05; 
78.23079784088958; 2.86350732495e-05; 
78.67783097140895; 2.87269140244e-05; 
79.12486410192832; 1.2080507986e-05; 
79.5718972324477; 6.10973711446e-06; 
80.01893036296705; 3.54114017682e-05; 
80.46596349348643; 1.71426363522e-05; 
80.9129966240058; 3.24153115798e-05; 
81.36002975452517; 4.9632286391e-05; 
81.80706288504453; 2.77444360108e-05; 
82.2540960155639; 1.32140658025e-05; 
82.70112914608328; 5.56898739887e-05; 
83.14816227660265; 7.84015137469e-05; 
83.59519540712201; 3.44834843418e-05; 
84.04222853764138; 8.0317058746e-06; 
84.48926166816075; 3.16370533255e-05; 
84.93629479868012; 4.51899177278e-05; 
85.38332792919948; 3.23145759467e-05; 
85.83036105971885; 4.11423889091e-06; 
86.27739419023823; 3.47510176653e-05; 
86.7244273207576; 3.80234960176e-05; 
87.17146045127697; 3.38141144312e-05; 
87.61849358179633; 4.74053194921e-05; 
88.0655267123157; 3.92517977161e-05; 
88.51255984283507; 2.0294004571e-05; 
88.95959297335445; 2.4310165827e-05; 
89.4066261038738; 2.49006589002e-05; 
89.85365923439318; 3.80671481253e-05; 
90.30069236491255; 3.68131877622e-05; 
90.74772549543192; 2.97048518405e-05; 
91.19475862595128; 3.82964353776e-05; 
91.64179175647065; 1.30261350932e-05; 
92.08882488699003; 7.62593663239e-06; 
92.5358580175094; 2.1616131562e-05; 
92.98289114802876; 4.80243579659e-05; 
93.42992427854813; 4.61862218799e-05; 
93.8769574090675; 4.00289573008e-05; 
94.32399053958687; 6.28441412118e-05; 
94.77102367010623; 5.97323596594e-05; 
95.2180568006256; 1.83461943379e-05; 
95.66508993114498; 2.27649670705e-05; 
96.11212306166435; 1.94839212782e-05; 
96.55915619218372; 3.20854051097e-05; 
97.00618932270308; 1.92865663848e-05; 
97.45322245322245; 1.10273167593e-05; 
97.90025558374182; 4.8601036724e-06; 
98.3472887142612; 9.09217669687e-06; 
98.79432184478055; 3.91410103475e-05; 
99.24135497529993; 4.42671007477e-05; 
99.6883881058193; 2.85806527245e-05; 
100.1354212363387; 3.72982831323e-05; 
100.582454366858; 4.43385106337e-05; 
101.0294874973774; 3.45844637195e-05; 
101.4765206278968; 2.40714925894e-05; 
101.9235537584161; 2.97796777886e-05; 
102.3705868889355; 2.90841962851e-05; 
102.8176200194549; 1.82173589565e-05; 
103.2646531499743; 3.68169785361e-05; 
103.7116862804936; 3.60660960723e-05; 
104.158719411013; 3.33864809363e-05; 
104.6057525415324; 3.2884596294e-05; 
105.0527856720517; 4.41616211901e-05; 
105.4998188025711; 4.5256321755e-05; 
105.9468519330905; 3.50465888914e-05; 
106.3938850636098; 3.64281440852e-05; 
106.8409181941292; 7.38655216992e-05; 
107.2879513246486; 7.0902700827e-05; 
107.7349844551679; 3.92723122786e-05; 
108.1820175856873; 3.28725327563e-05; 
108.6290507162067; 4.19696807512e-05; 
109.076083846726; 2.76148966805e-05; 
109.5231169772454; 1.34176088977e-05; 
109.9701501077648; 3.1242841942e-05; 
110.4171832382842; 2.59828739217e-05; 
110.8642163688035; 1.44608784467e-05; 
111.3112494993229; 2.96815123875e-05; 
111.7582826298423; 2.43072936428e-05; 
112.2053157603616; 3.59180194209e-05; 
112.652348890881; 3.82295002055e-05; 
113.0993820214004; 8.84850760485e-06; 
113.5464151519197; 1.62005144375e-05; 
113.9934482824391; 2.09855970752e-05; 
114.4404814129585; 2.08298133657e-05; 
114.8875145434778; 4.23469500674e-05; 
115.3345476739972; 5.91773314227e-05; 
115.7815808045166; 5.35770450369e-05; 
116.228613935036; 1.6091937141e-05; 
116.6756470655553; 3.34828218911e-05; 
117.1226801960747; 3.32801719196e-05; 
117.5697133265941; 1.97784374905e-05; 
118.0167464571134; 7.09460573489e-06; 
118.4637795876328; 1.73710213858e-05; 
118.9108127181522; 5.70629963477e-05; 
119.3578458486715; 4.03510821343e-05; 
119.8048789791909; 0.000152110020281; 
120.2519121097103; 0.000153282802785; 
120.6989452402296; 4.06402978115e-05; 
121.145978370749; 2.99484963762e-05; 
121.5930115012684; 3.18190504913e-05; 
122.0400446317878; 3.72026734112e-05; 
122.4870777623071; 2.55536415352e-05; 
122.9341108928265; 3.9506558096e-05; 
123.3811440233459; 4.38313099949e-06; 
123.8281771538652; 2.18653258344e-05; 
124.2752102843846; 1.08945887405e-05; 
124.722243414904; 2.6205985705e-05; 
125.1692765454233; 2.09074514714e-05; 
125.6163096759427; 3.9123766328e-05; 
126.0633428064621; 4.66409765068e-05; 
126.5103759369814; 8.90138289833e-06; 
126.9574090675008; 2.18754430534e-05; 
127.4044421980202; 7.1254944487e-05; 
127.8514753285395; 0.000148565130075; 
128.2985084590589; 7.59872855269e-05; 
128.7455415895783; 1.90144000953e-05; 
129.1925747200977; 1.31080787469e-05; 
129.639607850617; 4.99559719174e-05; 
130.0866409811364; 2.09684458241e-05; 
130.5336741116558; 3.10223294946e-05; 
130.9807072421751; 3.06896945403e-05; 
131.4277403726945; 1.04528935481e-05; 
131.8747735032139; 2.65755261353e-05; 
132.3218066337332; 6.11953582847e-05; 
132.7688397642526; 3.47368950315e-05; 
133.215872894772; 1.90666996787e-05; 
133.6629060252913; 2.78990919469e-05; 
134.1099391558107; 7.2334005381e-06; 
134.5569722863301; 4.02532532462e-05; 
135.0040054168495; 3.92401780118e-05; 
135.4510385473688; 3.30957082042e-05; 
135.8980716778882; 2.35267998505e-05; 
136.3451048084076; 6.81347592035e-06; 
136.7921379389269; 1.4726639165e-05; 
137.2391710694463; 2.1411515263e-05; 
137.6862041999657; 2.16237931454e-05; 
138.133237330485; 1.70256280398e-05; 
138.5802704610044; 3.50109839928e-05; 
139.0273035915238; 3.60347839887e-05; 
139.4743367220431; 3.66252925232e-06; 
139.9213698525625; 7.21915012036e-06; 
140.3684029830819; 3.22059058817e-05; 
140.8154361136012; 3.67296888726e-05; 
141.2624692441206; 2.60333599726e-05; 
141.70950237464; 2.4092500098e-05; 
142.1565355051594; 2.9688460927e-05; 
142.6035686356787; 1.61059288075e-05; 
143.0506017661981; 2.52915160672e-05; 
143.4976348967175; 1.45929116115e-05; 
143.9446680272368; 4.86759890919e-05; 
144.3917011577562; 6.33675663266e-05; 
144.8387342882756; 1.44327914313e-05; 
145.2857674187949; 1.99940604944e-05; 
145.7328005493143; 1.3771704289e-05; 
146.1798336798337; 3.24498796545e-06; 
146.6268668103531; 8.08897766547e-06; 
147.0738999408724; 2.99057010125e-05; 
147.5209330713918; 2.64546652033e-05; 
147.9679662019112; 2.22205944738e-05; 
148.4149993324305; 3.27600318997e-05; 
148.8620324629499; 5.04361123603e-05; 
149.3090655934693; 4.30045292887e-05; 
149.7560987239886; 2.7768101063e-05; 
150.203131854508; 3.42298517353e-05; 
150.6501649850274; 1.0632024896e-05; 
151.0971981155467; 1.66035479197e-05; 
151.5442312460661; 1.9965624233e-05; 
151.9912643765855; 2.01361908694e-05; 
152.4382975071048; 1.82097937795e-05; 
152.8853306376242; 3.9096645196e-05; 
153.3323637681436; 3.19985556416e-05; 
153.779396898663; 2.57046049228e-05; 
154.2264300291823; 3.28015375999e-05; 
154.6734631597017; 4.09059866797e-05; 
155.1204962902211; 4.41026459157e-05; 
155.5675294207404; 2.56317107414e-05; 
156.0145625512598; 2.72473716905e-05; 
156.4615956817792; 1.73476637428e-05; 
156.9086288122985; 1.72668733285e-05; 
157.3556619428179; 1.58377424668e-05; 
157.8026950733373; 3.33619391313e-05; 
158.2497282038566; 3.67869142792e-05; 
158.696761334376; 1.79688886419e-05; 
159.1437944648954; 1.43779798236e-05; 
159.5908275954147; 1.59064020409e-05; 
160.0378607259341; 1.46683159983e-05; 
160.4848938564535; 2.64067530225e-05; 
160.9319269869729; 5.41633744433e-05; 
161.3789601174922; 2.79231426248e-05; 
161.8259932480116; 4.35214460595e-05; 
162.273026378531; 2.38871361944e-05; 
162.7200595090503; 2.64379523287e-05; 
163.1670926395697; 3.42758467013e-05; 
163.6141257700891; 2.49566001003e-05; 
164.0611589006084; 3.03312026517e-05; 
164.5081920311278; 2.56935582001e-05; 
164.9552251616472; 1.10779055831e-05; 
165.4022582921666; 2.99838138744e-05; 
165.8492914226859; 1.41989439726e-05; 
166.2963245532053; 1.88829835679e-05; 
166.7433576837247; 3.45548214682e-05; 
167.190390814244; 1.35622540256e-05; 
167.6374239447634; 1.22655364976e-05; 
168.0844570752828; 7.85291467764e-06; 
168.5314902058021; 4.82688074044e-06; 
168.9785233363215; 9.39350593399e-06; 
169.4255564668409; 1.8832159185e-05; 
169.8725895973602; 3.76342031814e-05; 
170.3196227278796; 3.09617985295e-06; 
170.766655858399; 3.41929444403e-05; 
171.2136889889183; 3.57788194378e-05; 
171.6607221194377; 1.93559480977e-05; 
172.1077552499571; 1.72707532329e-05; 
172.5547883804765; 2.42578589678e-05; 
173.0018215109958; 2.92570439342e-05; 
173.4488546415152; 5.60208827665e-05; 
173.8958877720346; 4.21440781793e-05; 
174.3429209025539; 1.7111939087e-05; 
174.7899540330733; 1.51895073941e-05; 
175.2369871635927; 1.5151250409e-05; 
175.684020294112; 1.1979645933e-05; 
176.1310534246314; 2.55554969044e-05; 
176.5780865551508; 2.41863872361e-05; 
177.0251196856701; 4.24183890573e-05; 
177.4721528161895; 2.60387096205e-05; 
177.9191859467089; 3.26274275722e-05; 
178.3662190772282; 2.63124875346e-05; 
178.8132522077476; 0.000103270533145; 
179.260285338267; 0.000644279934932; 
179.7073184687864; 0.00257452018559; 
180.1543515993057; 0.00223977910355; 
180.6013847298251; 0.000350330839865; 
181.0484178603445; 4.65688717668e-05; 
181.4954509908638; 3.87161489925e-05; 
181.9424841213832; 2.41018115048e-05; 
182.3895172519026; 1.69790273503e-05; 
182.8365503824219; 1.52653447003e-05; 
183.2835835129413; 4.31287044194e-05; 
183.7306166434607; 3.32491290465e-05; 
184.1776497739801; 3.59408950317e-05; 
184.6246829044994; 6.52065282338e-05; 
185.0717160350188; 6.57588534523e-05; 
185.5187491655382; 5.09118544869e-05; 
185.9657822960575; 8.31375109556e-06; 
186.4128154265769; 4.09639833379e-05; 
186.8598485570963; 2.39202818193e-05; 
187.3068816876156; 2.9609838748e-05; 
187.753914818135; 1.43242850754e-05; 
188.2009479486544; 1.89839520317e-05; 
188.6479810791737; 3.26799599861e-05; 
189.0950142096931; 4.02649347961e-05; 
189.5420473402125; 2.12896738958e-05; 
189.9890804707318; 2.2485593945e-05; 
190.4361136012512; 3.0845967558e-05; 
190.8831467317706; 1.00639254015e-05; 
191.33017986229; 2.22815269808e-05; 
191.7772129928093; 6.28881607554e-05; 
192.2242461233287; 6.03947337368e-05; 
192.6712792538481; 2.36538708123e-05; 
193.1183123843674; 1.49717197928e-05; 
193.5653455148868; 3.17312624247e-05; 
194.0123786454062; 2.73847163044e-05; 
194.4594117759255; 3.62240316463e-05; 
194.9064449064449; 6.36288241367e-05; 
195.3534780369643; 2.20991551032e-05; 
195.8005111674836; 1.19512797028e-05; 
196.247544298003; 3.63176804967e-05; 
196.6945774285224; 2.5800871299e-05; 
197.1416105590417; 3.75219569833e-05; 
197.5886436895611; 3.69927038264e-05; 
198.0356768200805; 1.18409261631e-05; 
198.4827099505999; 2.9567958336e-05; 
198.9297430811192; 6.56316478853e-05; 
199.3767762116386; 5.32714548171e-05; 
199.823809342158; 1.80996103154e-05; 
200.2708424726773; 2.32685670198e-05; 
200.7178756031967; 1.34764432005e-05; 
201.1649087337161; 3.36056473316e-05; 
201.6119418642354; 3.49462898157e-05; 
202.0589749947548; 2.71660537692e-05; 
202.5060081252742; 1.49049865286e-05; 
202.9530412557936; 3.23053245666e-05; 
203.4000743863129; 1.32811319418e-05; 
203.8471075168323; 2.60144024651e-05; 
204.2941406473517; 1.94638960238e-05; 
204.741173777871; 1.7716194634e-05; 
205.1882069083904; 4.42871823907e-05; 
205.6352400389098; 3.82379657822e-05; 
206.0822731694291; 7.72462681198e-06; 
206.5293062999485; 1.62747292052e-05; 
206.9763394304679; 2.06291861105e-05; 
207.4233725609872; 1.13020078061e-05; 
207.8704056915066; 1.99461228476e-05; 
208.317438822026; 2.35786392295e-05; 
208.7644719525453; 3.4067161323e-05; 
209.2115050830647; 5.29626777279e-05; 
209.6585382135841; 3.60875346814e-05; 
210.1055713441035; 2.49900749623e-05; 
210.5526044746228; 1.29391082737e-05; 
210.9996376051422; 2.20909641939e-05; 
211.4466707356616; 4.78390975331e-05; 
211.8937038661809; 4.12414192397e-05; 
212.3407369967003; 1.51580006786e-05; 
212.7877701272197; 2.77357630694e-05; 
213.234803257739; 2.70739164989e-05; 
213.6818363882584; 2.79597079498e-05; 
214.1288695187778; 3.25980290654e-05; 
214.5759026492971; 5.31254845555e-05; 
215.0229357798165; 3.43350511685e-05; 
215.4699689103359; 1.11571971502e-05; 
215.9170020408552; 2.03301460715e-05; 
216.3640351713746; 3.22622217936e-05; 
216.811068301894; 3.56081836799e-05; 
217.2581014324134; 1.6748879716e-05; 
217.7051345629327; 2.16388198169e-05; 
218.1521676934521; 3.36710363626e-05; 
218.5992008239715; 1.95120483113e-05; 
219.0462339544908; 4.17907031078e-05; 
219.4932670850102; 5.00076275785e-05; 
219.9403002155296; 3.49408473994e-05; 
220.3873333460489; 3.9664497308e-05; 
220.8343664765683; 1.07392434074e-05; 
221.2813996070877; 1.86794204637e-05; 
221.7284327376071; 2.53642137977e-05; 
222.1754658681264; 2.83127919829e-05; 
222.6224989986458; 1.9705557861e-05; 
223.0695321291652; 3.67403772543e-05; 
223.5165652596845; 3.82862090191e-05; 
223.9635983902039; 1.98385205294e-05; 
224.4106315207233; 1.43004754136e-05; 
224.8576646512426; 4.18529780291e-05; 
225.304697781762; 1.60636936926e-05; 
225.7517309122814; 1.9947261535e-05; 
226.1987640428007; 2.40341287281e-05; 
226.6457971733201; 6.61415106151e-05; 
227.0928303038395; 7.5915348134e-05; 
227.5398634343588; 6.00478124397e-05; 
227.9868965648782; 3.89894958062e-05; 
228.4339296953976; 1.31149390654e-05; 
228.880962825917; 2.26000283874e-05; 
229.3279959564363; 2.95501358778e-05; 
229.7750290869557; 1.60934196174e-05; 
230.2220622174751; 1.25245051095e-05; 
230.6690953479944; 1.05461158455e-05; 
231.1161284785138; 1.10987612061e-05; 
231.5631616090332; 1.72667096194e-05; 
232.0101947395525; 4.1529574446e-06; 
232.4572278700719; 8.76501690072e-06; 
232.9042610005913; 1.28351402964e-05; 
233.3512941311106; 1.2767568478e-05; 
233.79832726163; 1.29871796162e-05; 
234.2453603921494; 2.68199637503e-05; 
234.6923935226687; 2.19161865971e-05; 
235.1394266531881; 4.81751303596e-05; 
235.5864597837075; 3.78756885766e-05; 
236.0334929142269; 3.00252831948e-05; 
236.4805260447462; 3.88418047805e-05; 
236.9275591752656; 1.65666733665e-05; 
237.374592305785; 1.65760957316e-05; 
237.8216254363043; 1.09790353235e-05; 
238.2686585668237; 2.17923607124e-05; 
238.7156916973431; 1.00487841337e-05; 
239.1627248278624; 1.22627252495e-05; 
239.6097579583818; 5.67640418012e-05; 
240.0567910889012; 5.05048083141e-05; 
240.5038242194206; 1.59850405907e-05; 
240.9508573499399; 3.64638581232e-05; 
241.3978904804593; 5.84612353123e-05; 
241.8449236109787; 5.09310557391e-05; 
242.291956741498; 2.82442033495e-05; 
242.7389898720174; 9.44166549743e-06; 
243.1860230025368; 1.71685442183e-05; 
243.6330561330561; 1.57801514433e-05; 
244.0800892635755; 2.44125440076e-05; 
244.5271223940949; 2.78110255749e-05; 
244.9741555246142; 2.45097053266e-05; 
245.4211886551336; 5.29599601578e-05; 
245.868221785653; 5.46096343896e-05; 
246.3152549161723; 4.64318181912e-05; 
246.7622880466917; 2.81154352706e-05; 
247.2093211772111; 1.71537885763e-05; 
247.6563543077305; 1.74957131094e-05; 
248.1033874382498; 3.11453295581e-05; 
248.5504205687692; 2.20504480239e-05; 
248.9974536992886; 3.52549759555e-05; 
249.4444868298079; 4.98691624671e-05; 
249.8915199603273; 5.49716714886e-05; 
250.3385530908467; 3.4243119444e-05; 
250.785586221366; 1.23291019918e-05; 
251.2326193518854; 6.06108733336e-06; 
251.6796524824048; 1.43651404869e-05; 
252.1266856129241; 1.1711525076e-05; 
252.5737187434435; 1.30598536998e-05; 
253.0207518739629; 2.36168089032e-05; 
253.4677850044822; 1.97572680918e-05; 
253.9148181350016; 1.13794549179e-05; 
254.361851265521; 5.28522696186e-06; 
254.8088843960404; 1.72153704625e-05; 
255.2559175265597; 2.11603364733e-05; 
255.7029506570791; 4.2099665734e-05; 
256.1499837875984; 3.38938225468e-05; 
256.5970169181178; 2.7572880299e-06; 
257.0440500486372; 1.58956045198e-05; 
257.4910831791566; 2.77429899143e-05; 
257.9381163096759; 3.03725410049e-05; 
258.3851494401953; 2.71184762823e-05; 
258.8321825707147; 3.83221631637e-05; 
259.279215701234; 3.9364425902e-05; 
259.7262488317534; 7.66742414271e-06; 
260.1732819622728; 1.43451952681e-05; 
260.6203150927922; 1.42138605952e-05; 
261.0673482233115; 5.30209490535e-06; 
261.5143813538309; 3.0936425901e-05; 
261.9614144843503; 3.14132448693e-05; 
262.4084476148697; 1.47357668538e-05; 
262.855480745389; 5.50286995349e-06; 
263.3025138759083; 2.15748623305e-05; 
263.7495470064277; 2.80564727291e-05; 
264.1965801369471; 6.82275276631e-06; 
264.6436132674665; 3.04983295791e-05; 
265.0906463979858; 3.05244066112e-05; 
265.5376795285052; 1.72360068973e-05; 
265.9847126590246; 3.25494438584e-05; 
266.4317457895439; 4.09419226344e-05; 
266.8787789200633; 6.41561709926e-05; 
267.3258120505827; 5.69995245314e-05; 
267.7728451811021; 1.71362698893e-05; 
268.2198783116214; 4.25908838224e-05; 
268.6669114421408; 1.06090492409e-05; 
269.1139445726602; 2.40742137976e-05; 
269.5609777031796; 3.82981597795e-05; 
270.0080108336989; 5.03387818753e-05; 
270.4550439642182; 1.67441503436e-05; 
270.9020770947376; 9.57108113653e-06; 
271.349110225257; 2.1022189685e-05; 
271.7961433557764; 2.9553541026e-05; 
272.2431764862957; 2.67759423878e-05; 
272.6902096168151; 2.03282070288e-05; 
273.1372427473345; 4.33387795056e-05; 
273.5842758778539; 6.03256521572e-05; 
274.0313090083732; 2.9576884117e-05; 
274.4783421388926; 4.5668052735e-06; 
274.925375269412; 3.45036605722e-05; 
275.3724083999313; 5.59481886739e-05; 
275.8194415304507; 3.65746200259e-05; 
276.2664746609701; 3.04991572193e-05; 
276.7135077914895; 1.89253278222e-05; 
277.1605409220088; 1.12805182653e-05; 
277.6075740525282; 3.16576151818e-05; 
278.0546071830476; 5.16553518537e-05; 
278.5016403135669; 2.88023147732e-05; 
278.9486734440863; 8.89252169145e-06; 
279.3957065746056; 1.53191576828e-05; 
279.842739705125; 3.28066344082e-05; 
280.2897728356444; 3.03899323626e-05; 
280.7368059661638; 2.73266650765e-05; 
281.1838390966831; 3.72420727217e-05; 
281.6308722272025; 4.34756075265e-05; 
282.0779053577219; 6.24178937869e-05; 
282.5249384882412; 6.5973130404e-05; 
282.9719716187606; 3.3504467865e-05; 
283.41900474928; 2.49630775215e-05; 
283.8660378797994; 5.14682142239e-05; 
284.3130710103187; 4.16978982685e-05; 
284.7601041408381; 1.94424246729e-05; 
285.2071372713575; 1.88192352653e-05; 
285.6541704018768; 3.2967163861e-05; 
286.1012035323962; 3.79234484171e-06; 
286.5482366629155; 2.25605981541e-05; 
286.9952697934349; 1.94720050786e-05; 
287.4423029239543; 4.73929030704e-05; 
287.8893360544737; 6.92411631462e-05; 
288.336369184993; 5.03622759425e-05; 
288.7834023155124; 2.26003903663e-05; 
289.2304354460318; 3.14693243126e-05; 
289.6774685765511; 2.76921036857e-05; 
290.1245017070705; 1.58912553161e-05; 
290.5715348375899; 1.83903266588e-05; 
291.0185679681093; 8.32588102639e-06; 
291.4656010986286; 2.13818366319e-05; 
291.912634229148; 1.27751827677e-05; 
292.3596673596674; 2.0746172595e-05; 
292.8067004901867; 1.64039665833e-05; 
293.2537336207061; 1.53311084432e-05; 
293.7007667512254; 2.29591132666e-05; 
294.1477998817448; 1.77738365892e-05; 
294.5948330122642; 2.02490773518e-05; 
295.0418661427836; 7.55841119826e-06; 
295.4888992733029; 7.9947640188e-06; 
295.9359324038223; 1.75950572157e-05; 
296.3829655343417; 2.03280305868e-05; 
296.829998664861; 2.2081163479e-05; 
297.2770317953804; 2.63063811872e-05; 
297.7240649258998; 1.44125206134e-05; 
298.1710980564192; 1.64615630638e-05; 
298.6181311869385; 4.2227042286e-05; 
299.0651643174579; 0.000225947791478; 
299.5121974479773; 0.00132994225714; 
299.9592305784967; 0.0015328200534; 
300.406263709016; 0.000384271959774; 
300.8532968395353; 3.46327360603e-05; 
301.3003299700547; 3.45856387867e-05; 
301.7473631005741; 2.21214559133e-05; 
302.1943962310935; 3.30825459969e-05; 
302.6414293616128; 1.62119740708e-05; 
303.0884624921322; 2.87192415271e-05; 
303.5354956226516; 4.38349197793e-05; 
303.9825287531709; 4.87092074763e-05; 
304.4295618836903; 3.47675304511e-05; 
304.8765950142097; 2.09311547223e-05; 
305.3236281447291; 2.06497043109e-05; 
305.7706612752484; 8.71929569257e-06; 
306.2176944057678; 7.14326915841e-06; 
306.6647275362872; 7.66341872804e-06; 
307.1117606668066; 1.19961450764e-05; 
307.5587937973259; 2.49292679655e-05; 
308.0058269278452; 4.96378634125e-05; 
308.4528600583646; 3.66285930795e-05; 
308.899893188884; 9.1284437076e-06; 
309.3469263194034; 2.00985668926e-05; 
309.7939594499227; 3.11744151986e-05; 
310.2409925804421; 4.41137053713e-05; 
310.6880257109615; 3.43505271303e-05; 
311.1350588414809; 3.40001461154e-05; 
311.5820919720002; 6.5674103098e-05; 
312.0291251025196; 4.71210005344e-05; 
312.476158233039; 5.45148941455e-06; 
312.9231913635583; 1.76685589395e-05; 
313.3702244940777; 3.31879382429e-05; 
313.8172576245971; 5.55198457732e-05; 
314.2642907551165; 5.14033890795e-05; 
314.7113238856358; 4.41524789494e-05; 
315.1583570161552; 4.85797172587e-05; 
315.6053901466746; 3.3525062463e-05; 
316.0524232771939; 1.95799839275e-05; 
316.4994564077133; 1.79479793587e-05; 
316.9464895382326; 2.31327830988e-05; 
317.393522668752; 3.58229226549e-05; 
317.8405557992714; 2.41789130087e-05; 
318.2875889297908; 1.95630054804e-05; 
318.7346220603101; 4.30570398748e-05; 
319.1816551908295; 2.37877648033e-05; 
