% Module: Scope, ID: c0p1t6p1cfm0
% Device: DEV7225
% Time: 2026/04/06 20:34:18
% Wave Channel 1, /dev7225/scopes/0/wave.0BWN
% Wave Channel 2, /dev7225/scopes/0/wave.1BWN
% Frequency (Hz); Wave Channel 1  Spectral Density (V/√Hz); Wave Channel 2  Spectral Density (√Hz)
0; 5.45302152634; 
0.447033130519369; 3.88242220879; 
0.8940662610387381; 0.103463985026; 
1.341099391558107; 0.0258363448083; 
1.788132522077476; 0.010228141211; 
2.235165652596845; 0.00502986554056; 
2.682198783116214; 0.00304451864213; 
3.129231913635584; 0.00185180327389; 
3.576265044154952; 0.00113242992666; 
4.023298174674322; 0.000892550044227; 
4.470331305193691; 0.000573358905967; 
4.917364435713059; 0.00053700665012; 
5.364397566232428; 0.00032214197563; 
5.811430696751797; 0.000291700358503; 
6.258463827271167; 0.000305886758724; 
6.705496957790536; 0.000189352955204; 
7.152530088309905; 0.000224182556849; 
7.599563218829274; 0.000143937009852; 
8.046596349348643; 0.000166291400092; 
8.493629479868012; 0.000107645908429; 
8.940662610387381; 0.000108630076284; 
9.38769574090675; 1.29937834572e-05; 
9.834728871426119; 8.9084089268e-05; 
10.28176200194549; 9.59849130595e-05; 
10.72879513246486; 4.25410471507e-05; 
11.17582826298423; 8.19708511699e-05; 
11.62286139350359; 6.89342923579e-05; 
12.06989452402297; 7.11166867404e-05; 
12.51692765454233; 0.000147407263285; 
12.9639607850617; 8.8405853603e-05; 
13.41099391558107; 6.52766830171e-05; 
13.85802704610044; 1.94406202354e-05; 
14.30506017661981; 3.50681948476e-05; 
14.75209330713918; 8.33894591779e-05; 
15.19912643765855; 1.43029437822e-05; 
15.64615956817792; 7.41812691558e-05; 
16.09319269869729; 7.43949785829e-05; 
16.54022582921666; 4.16513503296e-05; 
16.98725895973602; 8.37071929709e-05; 
17.43429209025539; 9.04913977138e-05; 
17.88132522077476; 9.52593545662e-05; 
18.32835835129413; 5.88457223785e-05; 
18.7753914818135; 6.71073503327e-05; 
19.22242461233287; 5.28650452907e-05; 
19.66945774285224; 4.31603803008e-05; 
20.11649087337161; 5.52099481865e-05; 
20.56352400389098; 2.47366206167e-05; 
21.01055713441034; 6.83385733282e-05; 
21.45759026492971; 5.88165748923e-05; 
21.90462339544908; 3.63535400538e-05; 
22.35165652596845; 4.25919533882e-05; 
22.79868965648782; 2.83325462078e-05; 
23.24572278700719; 4.86475655634e-05; 
23.69275591752656; 9.20944585232e-05; 
24.13978904804593; 6.69271757943e-05; 
24.5868221785653; 3.97028634325e-05; 
25.03385530908467; 2.66683036898e-05; 
25.48088843960404; 6.26924957032e-05; 
25.92792157012341; 7.63191492297e-05; 
26.37495470064277; 8.37684783619e-05; 
26.82198783116214; 1.57106951519e-05; 
27.26902096168151; 5.85241214139e-05; 
27.71605409220088; 7.39911120036e-05; 
28.16308722272025; 5.3935116739e-05; 
28.61012035323962; 6.41962469672e-06; 
29.05715348375899; 4.23432793468e-05; 
29.50418661427836; 7.51316329115e-05; 
29.95121974479773; 2.47928692261e-05; 
30.39825287531709; 0.00011051382171; 
30.84528600583646; 0.000118583811854; 
31.29231913635583; 5.41156114195e-05; 
31.7393522668752; 6.25232569291e-05; 
32.18638539739457; 4.53643806395e-05; 
32.63341852791394; 0.000114760827273; 
33.08045165843331; 4.2555424443e-05; 
33.52748478895268; 4.18780364271e-05; 
33.97451791947205; 4.9116784794e-05; 
34.42155104999141; 3.82619909942e-05; 
34.86858418051079; 2.26967986237e-05; 
35.31561731103015; 8.37315892568e-05; 
35.76265044154952; 0.000135470225359; 
36.20968357206889; 6.40388461761e-05; 
36.65671670258826; 3.0688544939e-05; 
37.10374983310763; 8.75954719959e-05; 
37.550782963627; 5.24075912836e-05; 
37.99781609414637; 2.862124893e-05; 
38.44484922466574; 2.6933821573e-05; 
38.89188235518511; 5.08838493261e-05; 
39.33891548570448; 1.44671967064e-05; 
39.78594861622385; 5.43417045265e-05; 
40.23298174674321; 5.17254557053e-05; 
40.68001487726259; 5.24908173247e-05; 
41.12704800778195; 0.000108586238639; 
41.57408113830132; 4.06235303672e-05; 
42.02111426882069; 3.20266080962e-05; 
42.46814739934006; 8.49012867548e-05; 
42.91518052985943; 5.56572449568e-05; 
43.3622136603788; 3.52004171873e-05; 
43.80924679089816; 7.69068792579e-05; 
44.25627992141754; 7.81834678492e-05; 
44.7033130519369; 7.84435760579e-05; 
45.15034618245627; 0.000105568899016; 
45.59737931297564; 9.23104307731e-05; 
46.04441244349501; 4.21422664658e-05; 
46.49144557401438; 4.9142028729e-05; 
46.93847870453375; 9.09840382519e-05; 
47.38551183505312; 6.69576693326e-05; 
47.83254496557249; 4.73491600133e-05; 
48.27957809609186; 6.21330473223e-05; 
48.72661122661123; 8.88841386768e-05; 
49.1736443571306; 8.43608795549e-05; 
49.62067748764996; 1.2176457858e-05; 
50.06771061816934; 8.46829498187e-05; 
50.5147437486887; 7.06818682374e-05; 
50.96177687920807; 6.7261440563e-05; 
51.40881000972744; 6.2606370193e-05; 
51.85584314024681; 8.03856892162e-05; 
52.30287627076618; 6.77853240632e-05; 
52.74990940128555; 5.73951911065e-05; 
53.19694253180491; 4.05657337978e-05; 
53.64397566232429; 4.79260997963e-05; 
54.09100879284365; 3.9309328713e-05; 
54.53804192336302; 4.94531523145e-05; 
54.98507505388239; 9.90028347587e-05; 
55.43210818440176; 5.69147523493e-05; 
55.87914131492113; 1.87383138837e-05; 
56.3261744454405; 5.22913178429e-05; 
56.77320757595987; 5.99781451456e-05; 
57.22024070647924; 7.64575524954e-05; 
57.66727383699861; 0.000161806470715; 
58.11430696751798; 7.5890107837e-05; 
58.56134009803735; 0.000111010427645; 
59.00837322855671; 2.149786269e-05; 
59.45540635907609; 0.000805628718808; 
59.90243948959545; 0.00193998019677; 
60.34947262011482; 0.00116803462151; 
60.79650575063419; 3.71029309463e-05; 
61.24353888115356; 4.7484136303e-05; 
61.69057201167293; 2.18361728912e-05; 
62.1376051421923; 6.60461155348e-05; 
62.58463827271166; 0.000128398125526; 
63.03167140323104; 0.000114693022624; 
63.4787045337504; 8.42594527057e-05; 
63.92573766426977; 0.000102756494016; 
64.37277079478915; 2.94544497592e-05; 
64.81980392530851; 6.85580380377e-05; 
65.26683705582788; 6.49307330605e-05; 
65.71387018634725; 7.35894136596e-05; 
66.16090331686662; 0.000212853425182; 
66.60793644738598; 0.00028525289963; 
67.05496957790535; 0.000149884232087; 
67.50200270842473; 5.55769693165e-05; 
67.9490358389441; 0.000148579943925; 
68.39606896946347; 0.000148677194375; 
68.84310209998283; 8.02538270364e-05; 
69.2901352305022; 2.55928534898e-05; 
69.73716836102157; 3.312251647e-05; 
70.18420149154095; 4.27687919e-05; 
70.6312346220603; 5.13285704073e-05; 
71.07826775257968; 0.000129556210595; 
71.52530088309905; 9.51692418312e-05; 
71.97233401361842; 5.6250806665e-05; 
72.41936714413778; 6.31879302091e-05; 
72.86640027465715; 1.65388792084e-05; 
73.31343340517653; 4.74385888083e-05; 
73.7604665356959; 5.26531111973e-05; 
74.20749966621526; 3.31207702402e-05; 
74.65453279673463; 9.07680951059e-05; 
75.101565927254; 7.39361857995e-05; 
75.54859905777337; 3.41148406733e-05; 
75.99563218829273; 6.91151581123e-05; 
76.4426653188121; 3.43469437212e-05; 
76.88969844933148; 1.72840627783e-05; 
77.33673157985085; 4.81283532281e-05; 
77.78376471037022; 7.52356863813e-05; 
78.23079784088958; 8.55958714965e-05; 
78.67783097140895; 6.45850668661e-05; 
79.12486410192832; 5.99756531301e-05; 
79.5718972324477; 0.000100560224382; 
80.01893036296705; 0.000114052549179; 
80.46596349348643; 0.00010035019659; 
80.9129966240058; 0.000145498808706; 
81.36002975452517; 7.61025512475e-05; 
81.80706288504453; 6.63285172777e-05; 
82.2540960155639; 5.93177101109e-05; 
82.70112914608328; 5.11994257977e-05; 
83.14816227660265; 7.1423346526e-05; 
83.59519540712201; 5.32503509021e-05; 
84.04222853764138; 7.7159376815e-05; 
84.48926166816075; 6.45558247925e-05; 
84.93629479868012; 4.81176393805e-05; 
85.38332792919948; 5.38206113561e-05; 
85.83036105971885; 7.84622170613e-05; 
86.27739419023823; 8.91211166163e-05; 
86.7244273207576; 9.03536129044e-05; 
87.17146045127697; 0.00013126572594; 
87.61849358179633; 6.55996846035e-05; 
88.0655267123157; 3.23549720633e-05; 
88.51255984283507; 3.08227354253e-05; 
88.95959297335445; 9.47700664256e-06; 
89.4066261038738; 1.813005656e-05; 
89.85365923439318; 5.26189760421e-05; 
90.30069236491255; 4.8546022299e-05; 
90.74772549543192; 8.94709737622e-05; 
91.19475862595128; 0.000105343300675; 
91.64179175647065; 2.23315400945e-05; 
92.08882488699003; 7.82338756835e-05; 
92.5358580175094; 5.54481084691e-05; 
92.98289114802876; 3.34032847604e-05; 
93.42992427854813; 4.73893633171e-05; 
93.8769574090675; 7.46330260881e-05; 
94.32399053958687; 5.6812310504e-05; 
94.77102367010623; 4.41096708528e-05; 
95.2180568006256; 9.81608827715e-05; 
95.66508993114498; 0.000143843251863; 
96.11212306166435; 3.00906885968e-05; 
96.55915619218372; 9.87155508483e-05; 
97.00618932270308; 5.97841863055e-05; 
97.45322245322245; 2.88456722046e-05; 
97.90025558374182; 8.6904685304e-05; 
98.3472887142612; 0.000123897654703; 
98.79432184478055; 9.31231188588e-05; 
99.24135497529993; 8.50415744935e-05; 
99.6883881058193; 9.37316945055e-05; 
100.1354212363387; 8.99540536921e-05; 
100.582454366858; 6.45810068818e-05; 
101.0294874973774; 1.33235262183e-05; 
101.4765206278968; 2.19405155804e-05; 
101.9235537584161; 4.46680278401e-05; 
102.3705868889355; 8.83265965967e-05; 
102.8176200194549; 7.59536997066e-05; 
103.2646531499743; 6.31353977951e-05; 
103.7116862804936; 6.56079355394e-05; 
104.158719411013; 6.41271690256e-05; 
104.6057525415324; 8.84039036464e-05; 
105.0527856720517; 8.0898986198e-05; 
105.4998188025711; 6.59001807435e-06; 
105.9468519330905; 5.4821059166e-05; 
106.3938850636098; 6.25874381512e-05; 
106.8409181941292; 7.6628079114e-05; 
107.2879513246486; 8.49771095091e-05; 
107.7349844551679; 1.93975829461e-05; 
108.1820175856873; 6.70209265081e-05; 
108.6290507162067; 4.08852429246e-05; 
109.076083846726; 9.76113551587e-06; 
109.5231169772454; 4.38565148215e-05; 
109.9701501077648; 6.92219036864e-05; 
110.4171832382842; 1.87126570381e-05; 
110.8642163688035; 4.44630386482e-05; 
111.3112494993229; 3.61523525498e-05; 
111.7582826298423; 8.91416584636e-06; 
112.2053157603616; 7.73481006036e-05; 
112.652348890881; 0.000105861872726; 
113.0993820214004; 3.63845683751e-05; 
113.5464151519197; 6.34110620013e-05; 
113.9934482824391; 7.89753466961e-05; 
114.4404814129585; 4.67398713226e-05; 
114.8875145434778; 4.26247243013e-05; 
115.3345476739972; 3.22568739648e-05; 
115.7815808045166; 5.4414911574e-05; 
116.228613935036; 4.27744489571e-05; 
116.6756470655553; 5.04293238919e-05; 
117.1226801960747; 6.52091184747e-05; 
117.5697133265941; 8.79410508787e-05; 
118.0167464571134; 6.61149533698e-05; 
118.4637795876328; 2.58954005403e-05; 
118.9108127181522; 5.16877553309e-05; 
119.3578458486715; 9.63463753578e-05; 
119.8048789791909; 0.000197464149096; 
120.2519121097103; 7.78608955443e-05; 
120.6989452402296; 5.35084654985e-05; 
121.145978370749; 2.78802453977e-05; 
121.5930115012684; 4.94945161336e-05; 
122.0400446317878; 8.4637234977e-05; 
122.4870777623071; 4.95239801239e-05; 
122.9341108928265; 6.34378593531e-05; 
123.3811440233459; 6.06827052252e-05; 
123.8281771538652; 9.61093974183e-06; 
124.2752102843846; 3.81966019631e-05; 
124.722243414904; 3.43455285474e-05; 
125.1692765454233; 2.23758197535e-05; 
125.6163096759427; 4.24315985583e-05; 
126.0633428064621; 8.30170611152e-05; 
126.5103759369814; 9.14317279239e-05; 
126.9574090675008; 7.20196039765e-05; 
127.4044421980202; 0.00010146346176; 
127.8514753285395; 0.000162432639627; 
128.2985084590589; 9.01047606021e-05; 
128.7455415895783; 4.08902815252e-05; 
129.1925747200977; 2.81733009615e-05; 
129.639607850617; 5.70985821469e-06; 
130.0866409811364; 1.02294452518e-05; 
130.5336741116558; 2.28003136726e-05; 
130.9807072421751; 4.75380074931e-05; 
131.4277403726945; 6.27573099337e-05; 
131.8747735032139; 5.48322022951e-05; 
132.3218066337332; 9.45597566897e-05; 
132.7688397642526; 7.29754174245e-05; 
133.215872894772; 3.66773929272e-05; 
133.6629060252913; 1.47365690282e-05; 
134.1099391558107; 8.93310425454e-06; 
134.5569722863301; 3.73116636183e-05; 
135.0040054168495; 4.90711427119e-05; 
135.4510385473688; 5.57952153031e-05; 
135.8980716778882; 4.08916057495e-05; 
136.3451048084076; 4.79417285533e-05; 
136.7921379389269; 7.38207745599e-05; 
137.2391710694463; 9.70555338426e-05; 
137.6862041999657; 8.29391356092e-05; 
138.133237330485; 7.20071911928e-05; 
138.5802704610044; 8.79334329511e-05; 
139.0273035915238; 5.85289599258e-05; 
139.4743367220431; 5.39953907719e-05; 
139.9213698525625; 8.05676390883e-05; 
140.3684029830819; 4.81399220007e-05; 
140.8154361136012; 2.77506351267e-05; 
141.2624692441206; 2.89849467663e-05; 
141.70950237464; 4.15777321905e-06; 
142.1565355051594; 3.97468420488e-06; 
142.6035686356787; 2.66250954155e-05; 
143.0506017661981; 5.49191427126e-05; 
143.4976348967175; 6.63319951855e-05; 
143.9446680272368; 5.33989623364e-05; 
144.3917011577562; 4.23359779234e-05; 
144.8387342882756; 6.6898894147e-05; 
145.2857674187949; 3.95953757106e-05; 
145.7328005493143; 4.55332883575e-05; 
146.1798336798337; 1.75310597115e-05; 
146.6268668103531; 1.11450644908e-05; 
147.0738999408724; 9.95243681245e-06; 
147.5209330713918; 1.33027187985e-05; 
147.9679662019112; 3.45247572113e-05; 
148.4149993324305; 7.89894766058e-05; 
148.8620324629499; 0.000119214164442; 
149.3090655934693; 0.000111737230327; 
149.7560987239886; 4.99264351674e-05; 
150.203131854508; 2.90935095109e-05; 
150.6501649850274; 8.93786127563e-05; 
151.0971981155467; 6.91530221957e-05; 
151.5442312460661; 5.38755302841e-05; 
151.9912643765855; 5.98520855419e-05; 
152.4382975071048; 6.35105825495e-05; 
152.8853306376242; 8.57680497575e-05; 
153.3323637681436; 0.000138926567161; 
153.779396898663; 0.000148014136357; 
154.2264300291823; 8.65928595886e-05; 
154.6734631597017; 3.56068594556e-05; 
155.1204962902211; 8.37960578792e-06; 
155.5675294207404; 2.16876924242e-05; 
156.0145625512598; 3.20315230056e-05; 
156.4615956817792; 8.07565538707e-06; 
156.9086288122985; 4.76446402899e-05; 
157.3556619428179; 8.37445622892e-05; 
157.8026950733373; 3.36156190315e-05; 
158.2497282038566; 5.96485006099e-05; 
158.696761334376; 2.99114071822e-05; 
159.1437944648954; 3.29983158736e-05; 
159.5908275954147; 7.22682452761e-05; 
160.0378607259341; 5.71343616684e-06; 
160.4848938564535; 6.4141684561e-05; 
160.9319269869729; 7.23235571058e-05; 
161.3789601174922; 2.12559589272e-05; 
161.8259932480116; 0.000122869998449; 
162.273026378531; 0.000100334407762; 
162.7200595090503; 6.90776359988e-05; 
163.1670926395697; 9.19396261452e-05; 
163.6141257700891; 8.41084911372e-05; 
164.0611589006084; 2.04536245292e-05; 
164.5081920311278; 2.30631849263e-05; 
164.9552251616472; 5.34432365384e-05; 
165.4022582921666; 3.10433279083e-05; 
165.8492914226859; 4.24288627983e-05; 
166.2963245532053; 0.000110904198664; 
166.7433576837247; 9.95792652247e-05; 
167.190390814244; 5.35208600922e-05; 
167.6374239447634; 3.43383289874e-05; 
168.0844570752828; 5.42809393664e-05; 
168.5314902058021; 2.08333822229e-05; 
168.9785233363215; 4.51659507235e-05; 
169.4255564668409; 2.18471377593e-05; 
169.8725895973602; 2.43978574872e-05; 
170.3196227278796; 1.49332881847e-05; 
170.766655858399; 3.46047236235e-05; 
171.2136889889183; 6.00797175139e-05; 
171.6607221194377; 7.65920558479e-05; 
172.1077552499571; 0.000103190403024; 
172.5547883804765; 5.13125487487e-05; 
173.0018215109958; 5.89714400121e-05; 
173.4488546415152; 7.5474003097e-05; 
173.8958877720346; 3.16092555295e-05; 
174.3429209025539; 4.906529648e-05; 
174.7899540330733; 2.73370296782e-05; 
175.2369871635927; 4.58203030576e-05; 
175.684020294112; 5.10065838171e-05; 
176.1310534246314; 6.97374271112e-05; 
176.5780865551508; 1.50963878696e-05; 
177.0251196856701; 7.51981206122e-05; 
177.4721528161895; 8.90278679435e-05; 
177.9191859467089; 3.21466577589e-05; 
178.3662190772282; 5.91195857851e-05; 
178.8132522077476; 0.000137081719004; 
179.260285338267; 0.000803319038823; 
179.7073184687864; 0.00334109738469; 
180.1543515993057; 0.0029609776102; 
180.6013847298251; 0.000420591415605; 
181.0484178603445; 0.000195551590878; 
181.4954509908638; 5.05015268573e-05; 
181.9424841213832; 2.87592774839e-05; 
182.3895172519026; 1.00892648334e-05; 
182.8365503824219; 8.80786901689e-05; 
183.2835835129413; 0.000110034387035; 
183.7306166434607; 8.86297784746e-05; 
184.1776497739801; 9.31651520659e-05; 
184.6246829044994; 0.000109631793748; 
185.0717160350188; 7.25375284674e-05; 
185.5187491655382; 1.57590220624e-05; 
185.9657822960575; 5.49211181351e-05; 
186.4128154265769; 4.18130402977e-05; 
186.8598485570963; 4.28831008321e-05; 
187.3068816876156; 7.01399258105e-05; 
187.753914818135; 0.000104971244582; 
188.2009479486544; 7.99714180175e-05; 
188.6479810791737; 8.10792698758e-05; 
189.0950142096931; 4.30330219388e-05; 
189.5420473402125; 3.41705672326e-05; 
189.9890804707318; 2.62144822045e-05; 
190.4361136012512; 7.02137622284e-05; 
190.8831467317706; 7.15284768376e-05; 
191.33017986229; 4.446857929e-05; 
191.7772129928093; 0.000131531138322; 
192.2242461233287; 0.000140391377499; 
192.6712792538481; 0.000114132250019; 
193.1183123843674; 3.31181508955e-05; 
193.5653455148868; 4.74782282254e-05; 
194.0123786454062; 6.57700729789e-05; 
194.4594117759255; 5.46451265109e-05; 
194.9064449064449; 3.54033945769e-05; 
195.3534780369643; 3.17733283737e-05; 
195.8005111674836; 1.71398278326e-05; 
196.247544298003; 6.31510629319e-05; 
196.6945774285224; 8.84715409484e-05; 
197.1416105590417; 2.09549907595e-05; 
197.5886436895611; 5.24098177266e-05; 
198.0356768200805; 5.06737051182e-05; 
198.4827099505999; 6.77634670865e-05; 
198.9297430811192; 0.000112218076538; 
199.3767762116386; 0.000110807246529; 
199.823809342158; 4.02742152801e-05; 
200.2708424726773; 2.55094018939e-05; 
200.7178756031967; 6.54275354464e-05; 
201.1649087337161; 5.19336608704e-05; 
201.6119418642354; 4.03103149438e-05; 
202.0589749947548; 4.681379869e-05; 
202.5060081252742; 4.51682717539e-05; 
202.9530412557936; 5.28733471583e-05; 
203.4000743863129; 6.55126787024e-05; 
203.8471075168323; 4.25836442446e-05; 
204.2941406473517; 2.65695307462e-05; 
204.741173777871; 1.16847722893e-05; 
205.1882069083904; 3.03955075651e-05; 
205.6352400389098; 2.52990739682e-05; 
206.0822731694291; 4.61485615233e-05; 
206.5293062999485; 4.22256380261e-05; 
206.9763394304679; 4.92488579766e-05; 
207.4233725609872; 4.37231865362e-05; 
207.8704056915066; 2.78918359982e-05; 
208.317438822026; 1.70893199538e-05; 
208.7644719525453; 4.05056671298e-05; 
209.2115050830647; 3.55022275471e-05; 
209.6585382135841; 3.24465581798e-05; 
210.1055713441035; 5.7710261899e-05; 
210.5526044746228; 6.54819305055e-05; 
210.9996376051422; 5.43383212062e-05; 
211.4466707356616; 6.2359518779e-05; 
211.8937038661809; 7.30197498342e-05; 
212.3407369967003; 6.1018337874e-05; 
212.7877701272197; 2.70201326202e-05; 
213.234803257739; 2.641523497e-05; 
213.6818363882584; 1.16666560643e-05; 
214.1288695187778; 8.37361221784e-05; 
214.5759026492971; 7.04168633092e-05; 
215.0229357798165; 7.03900223016e-05; 
215.4699689103359; 0.000102254241938; 
215.9170020408552; 6.63027749397e-05; 
216.3640351713746; 7.81502785685e-06; 
216.811068301894; 6.86675484758e-05; 
217.2581014324134; 5.49137184862e-05; 
217.7051345629327; 6.46785483696e-05; 
218.1521676934521; 3.52329734596e-05; 
218.5992008239715; 7.81031267252e-05; 
219.0462339544908; 9.20953170862e-05; 
219.4932670850102; 7.62712297728e-05; 
219.9403002155296; 3.71295100194e-05; 
220.3873333460489; 4.27382983617e-05; 
220.8343664765683; 9.40929239732e-05; 
221.2813996070877; 9.69277971308e-05; 
221.7284327376071; 5.99673439865e-05; 
222.1754658681264; 4.0659608203e-05; 
222.6224989986458; 6.2007260567e-05; 
223.0695321291652; 9.73861606326e-05; 
223.5165652596845; 9.30000969674e-05; 
223.9635983902039; 3.85678467865e-05; 
224.4106315207233; 1.76327303052e-05; 
224.8576646512426; 2.26869269682e-05; 
225.304697781762; 4.07624211221e-05; 
225.7517309122814; 9.91124179563e-05; 
226.1987640428007; 8.34671154735e-05; 
226.6457971733201; 2.23400693358e-05; 
227.0928303038395; 7.41906478652e-05; 
227.5398634343588; 6.0808561102e-05; 
227.9868965648782; 5.13684171892e-05; 
228.4339296953976; 1.74887172761e-05; 
228.880962825917; 4.95250096719e-05; 
229.3279959564363; 0.000118123061839; 
229.7750290869557; 7.29749590391e-05; 
230.2220622174751; 4.76946588606e-05; 
230.6690953479944; 0.000104139377072; 
231.1161284785138; 0.000116559916933; 
231.5631616090332; 5.70006995986e-05; 
232.0101947395525; 4.92014405609e-05; 
232.4572278700719; 4.18383860961e-05; 
232.9042610005913; 2.28796379815e-05; 
233.3512941311106; 3.52498136635e-05; 
233.79832726163; 4.37922572019e-05; 
234.2453603921494; 1.58441544045e-05; 
234.6923935226687; 3.74369801648e-06; 
235.1394266531881; 1.52870616148e-05; 
235.5864597837075; 2.29927445616e-05; 
236.0334929142269; 5.38467793376e-05; 
236.4805260447462; 5.19520872331e-05; 
236.9275591752656; 0.000107884676254; 
237.374592305785; 0.000108362000901; 
237.8216254363043; 8.97874488146e-05; 
238.2686585668237; 6.21003855485e-05; 
238.7156916973431; 1.66986301338e-05; 
239.1627248278624; 4.14659734815e-05; 
239.6097579583818; 0.000114957896585; 
240.0567910889012; 0.000122651210404; 
240.5038242194206; 7.62981799198e-05; 
240.9508573499399; 6.56884658383e-05; 
241.3978904804593; 5.16066756973e-05; 
241.8449236109787; 4.27587874583e-05; 
242.291956741498; 4.03030462621e-05; 
242.7389898720174; 8.49349016789e-05; 
243.1860230025368; 8.44069727464e-05; 
243.6330561330561; 4.03363337682e-05; 
244.0800892635755; 4.04454476666e-05; 
244.5271223940949; 2.18496152229e-05; 
244.9741555246142; 4.60590272269e-05; 
245.4211886551336; 2.19257908611e-05; 
245.868221785653; 6.46947082714e-05; 
246.3152549161723; 4.98900917592e-05; 
246.7622880466917; 3.64670850104e-05; 
247.2093211772111; 5.28307500645e-05; 
247.6563543077305; 3.35724143952e-05; 
248.1033874382498; 3.99622404075e-05; 
248.5504205687692; 4.84185948153e-05; 
248.9974536992886; 3.49411457137e-05; 
249.4444868298079; 5.22865630046e-05; 
249.8915199603273; 2.77654289675e-05; 
250.3385530908467; 1.16222981887e-05; 
250.785586221366; 6.44206520519e-05; 
251.2326193518854; 0.000135884882184; 
251.6796524824048; 0.00012070422963; 
252.1266856129241; 2.75845686701e-05; 
252.5737187434435; 3.54448675353e-05; 
253.0207518739629; 4.65610428364e-05; 
253.4677850044822; 4.82426185044e-05; 
253.9148181350016; 3.51049638994e-05; 
254.361851265521; 3.78544391424e-05; 
254.8088843960404; 4.89708036184e-05; 
255.2559175265597; 4.1205490561e-05; 
255.7029506570791; 5.15846622875e-05; 
256.1499837875984; 5.21153742739e-05; 
256.5970169181178; 4.11269393226e-05; 
257.0440500486372; 4.00331191486e-05; 
257.4910831791566; 9.01724415598e-05; 
257.9381163096759; 8.13079313957e-05; 
258.3851494401953; 2.68883900389e-06; 
258.8321825707147; 1.54625977302e-05; 
259.279215701234; 6.04151955486e-06; 
259.7262488317534; 1.7175454559e-05; 
260.1732819622728; 1.10231831059e-05; 
260.6203150927922; 2.99986713799e-05; 
261.0673482233115; 5.37367996003e-05; 
261.5143813538309; 3.87430554838e-05; 
261.9614144843503; 3.60515223292e-05; 
262.4084476148697; 0.000100796562037; 
262.855480745389; 6.36016920907e-05; 
263.3025138759083; 3.57562857971e-05; 
263.7495470064277; 0.000110019580461; 
264.1965801369471; 9.40233148867e-05; 
264.6436132674665; 2.32891998166e-05; 
265.0906463979858; 3.39504622389e-05; 
265.5376795285052; 1.09211105155e-05; 
265.9847126590246; 5.57413441129e-05; 
266.4317457895439; 3.40308724844e-05; 
266.8787789200633; 2.08044020837e-05; 
267.3258120505827; 5.05013413203e-05; 
267.7728451811021; 7.54569628043e-05; 
268.2198783116214; 4.96792818012e-05; 
268.6669114421408; 2.35118750425e-05; 
269.1139445726602; 6.02131767664e-05; 
269.5609777031796; 8.49065909279e-05; 
270.0080108336989; 4.30546497228e-05; 
270.4550439642182; 4.48278842669e-05; 
270.9020770947376; 6.56543343212e-05; 
271.349110225257; 3.09551178361e-05; 
271.7961433557764; 3.23555868817e-05; 
272.2431764862957; 4.79614209326e-05; 
272.6902096168151; 2.30045880016e-05; 
273.1372427473345; 3.23837484757e-05; 
273.5842758778539; 6.54785908409e-05; 
274.0313090083732; 4.64817421744e-05; 
274.4783421388926; 3.25861510646e-05; 
274.925375269412; 7.03953046468e-05; 
275.3724083999313; 4.86277785967e-05; 
275.8194415304507; 5.56217419216e-05; 
276.2664746609701; 0.000122049539641; 
276.7135077914895; 0.000116329232696; 
277.1605409220088; 0.0001030084386; 
277.6075740525282; 8.30029021017e-05; 
278.0546071830476; 2.74100711977e-05; 
278.5016403135669; 1.08742333396e-05; 
278.9486734440863; 1.23139807329e-05; 
279.3957065746056; 5.02323127876e-05; 
279.842739705125; 5.69736257603e-05; 
280.2897728356444; 3.87688451156e-05; 
280.7368059661638; 4.63782307634e-05; 
281.1838390966831; 4.31904045399e-05; 
281.6308722272025; 4.24535464845e-05; 
282.0779053577219; 1.73387707036e-05; 
282.5249384882412; 2.13956700463e-05; 
282.9719716187606; 3.63005456165e-05; 
283.41900474928; 4.95989406772e-05; 
283.8660378797994; 2.12709473999e-05; 
284.3130710103187; 6.41936421744e-05; 
284.7601041408381; 0.000105831095425; 
285.2071372713575; 8.33443118609e-05; 
285.6541704018768; 5.76799611736e-05; 
286.1012035323962; 3.1915747968e-05; 
286.5482366629155; 5.79983243369e-05; 
286.9952697934349; 8.242057811e-05; 
287.4423029239543; 5.33993152203e-05; 
287.8893360544737; 4.52191598015e-05; 
288.336369184993; 2.23188944801e-05; 
288.7834023155124; 2.33361552091e-05; 
289.2304354460318; 5.50425684196e-05; 
289.6774685765511; 6.12903459114e-05; 
290.1245017070705; 2.40067729464e-05; 
290.5715348375899; 3.84731793019e-05; 
291.0185679681093; 9.19930098462e-05; 
291.4656010986286; 7.67010060372e-05; 
291.912634229148; 4.9610993301e-05; 
292.3596673596674; 3.39049147442e-05; 
292.8067004901867; 4.64227450721e-05; 
293.2537336207061; 2.85633268504e-05; 
293.7007667512254; 4.17313567596e-05; 
294.1477998817448; 7.23549746908e-05; 
294.5948330122642; 5.9084919485e-05; 
295.0418661427836; 5.58414321858e-05; 
295.4888992733029; 7.40451650927e-05; 
295.9359324038223; 0.000100574616226; 
296.3829655343417; 9.63351485552e-05; 
296.829998664861; 6.01670326432e-05; 
297.2770317953804; 4.80327908008e-05; 
297.7240649258998; 3.42464591085e-05; 
298.1710980564192; 2.43391259573e-05; 
298.6181311869385; 6.39542486169e-05; 
299.0651643174579; 0.000176962057594; 
299.5121974479773; 0.00145690329373; 
299.9592305784967; 0.00183028157335; 
300.406263709016; 0.00050415872829; 
300.8532968395353; 8.01745045464e-05; 
301.3003299700547; 3.98816846428e-05; 
301.7473631005741; 3.6471101339e-05; 
302.1943962310935; 8.36918770801e-05; 
302.6414293616128; 7.3009134212e-05; 
303.0884624921322; 3.09807765007e-05; 
303.5354956226516; 2.59442967945e-05; 
303.9825287531709; 3.44919608324e-05; 
304.4295618836903; 6.12012008787e-05; 
304.8765950142097; 9.30711903493e-05; 
305.3236281447291; 5.1497034292e-05; 
305.7706612752484; 3.86070169043e-05; 
306.2176944057678; 4.7313151299e-05; 
306.6647275362872; 2.04216266866e-05; 
307.1117606668066; 2.15973832383e-05; 
307.5587937973259; 4.32411070506e-05; 
308.0058269278452; 1.5647174223e-05; 
308.4528600583646; 2.40465415118e-05; 
308.899893188884; 5.26694093423e-05; 
309.3469263194034; 7.55512228352e-05; 
309.7939594499227; 4.04233614972e-05; 
310.2409925804421; 4.4266093937e-06; 
310.6880257109615; 2.68215153483e-05; 
311.1350588414809; 7.4209390732e-05; 
311.5820919720002; 0.000113154412247; 
312.0291251025196; 0.000118774180009; 
312.476158233039; 0.000107033025415; 
312.9231913635583; 7.19464587746e-05; 
313.3702244940777; 4.13558082073e-05; 
313.8172576245971; 1.57193189807e-05; 
314.2642907551165; 4.67301215394e-05; 
314.7113238856358; 1.14033719001e-05; 
315.1583570161552; 4.80731614516e-05; 
315.6053901466746; 9.4248662208e-06; 
316.0524232771939; 2.97241440421e-05; 
316.4994564077133; 2.00793529075e-05; 
316.9464895382326; 2.13215498661e-05; 
317.393522668752; 4.19100033469e-05; 
317.8405557992714; 4.24193676736e-05; 
318.2875889297908; 2.63149722741e-05; 
318.7346220603101; 4.1904306272e-05; 
319.1816551908295; 7.133132749e-05; 
