% Module: Scope, ID: c0p1t6p1cfm0
% Device: DEV7225
% Time: 2026/04/06 20:39:14
% Wave Channel 1, /dev7225/scopes/0/wave.0BWN
% Wave Channel 2, /dev7225/scopes/0/wave.1BWN
% Frequency (Hz); Wave Channel 1  Spectral Density (V/√Hz); Wave Channel 2  Spectral Density (√Hz)
0; 4.97923612595; 
0.447033130519369; 3.53987169266; 
0.8940662610387381; 0.0760637298226; 
1.341099391558107; 0.0185979418457; 
1.788132522077476; 0.00730419717729; 
2.235165652596845; 0.00387104949914; 
2.682198783116214; 0.00200204295106; 
3.129231913635584; 0.0013600444654; 
3.576265044154952; 0.000975837407168; 
4.023298174674322; 0.000557000981644; 
4.470331305193691; 0.000435006892076; 
4.917364435713059; 0.000361612939741; 
5.364397566232428; 0.000331610819558; 
5.811430696751797; 0.000165120974998; 
6.258463827271167; 0.000149367828271; 
6.705496957790536; 0.000236129999394; 
7.152530088309905; 7.67028468545e-05; 
7.599563218829274; 4.17764786107e-05; 
8.046596349348643; 0.000155142770382; 
8.493629479868012; 0.00015259947395; 
8.940662610387381; 0.000169559891219; 
9.38769574090675; 0.000128913408844; 
9.834728871426119; 0.000139679817948; 
10.28176200194549; 0.00014660191664; 
10.72879513246486; 4.47847087344e-05; 
11.17582826298423; 4.6155138989e-05; 
11.62286139350359; 4.94482374052e-05; 
12.06989452402297; 4.82791001559e-05; 
12.51692765454233; 1.39388566822e-05; 
12.9639607850617; 5.88786751905e-05; 
13.41099391558107; 1.62007308973e-05; 
13.85802704610044; 5.39471911907e-05; 
14.30506017661981; 1.94154217752e-05; 
14.75209330713918; 9.2605521786e-05; 
15.19912643765855; 0.000145546102431; 
15.64615956817792; 9.0135858045e-05; 
16.09319269869729; 5.15695101058e-05; 
16.54022582921666; 8.59980718815e-05; 
16.98725895973602; 8.46002585604e-05; 
17.43429209025539; 6.36340337223e-05; 
17.88132522077476; 2.87868042506e-05; 
18.32835835129413; 0.000109590604552; 
18.7753914818135; 9.85143124126e-05; 
19.22242461233287; 3.39586331393e-05; 
19.66945774285224; 6.25564352958e-05; 
20.11649087337161; 2.55835202552e-05; 
20.56352400389098; 7.34065106371e-05; 
21.01055713441034; 9.89848849713e-05; 
21.45759026492971; 7.26439902792e-05; 
21.90462339544908; 5.60749231227e-06; 
22.35165652596845; 6.13464435446e-05; 
22.79868965648782; 6.90889864927e-05; 
23.24572278700719; 4.00013523176e-05; 
23.69275591752656; 2.10406524275e-05; 
24.13978904804593; 6.72636888339e-05; 
24.5868221785653; 5.77911850996e-05; 
25.03385530908467; 9.05301130842e-05; 
25.48088843960404; 0.000109982960566; 
25.92792157012341; 5.15033534612e-05; 
26.37495470064277; 2.4926954211e-05; 
26.82198783116214; 2.83047338598e-05; 
27.26902096168151; 3.38536083291e-05; 
27.71605409220088; 3.71323440049e-05; 
28.16308722272025; 4.36563641415e-05; 
28.61012035323962; 7.05276106601e-05; 
29.05715348375899; 8.24537710287e-05; 
29.50418661427836; 7.18198498362e-05; 
29.95121974479773; 4.38599308836e-05; 
30.39825287531709; 7.47623416828e-05; 
30.84528600583646; 2.8074338843e-05; 
31.29231913635583; 9.82787023531e-05; 
31.7393522668752; 8.95832199603e-05; 
32.18638539739457; 4.27077939094e-05; 
32.63341852791394; 1.30398248075e-05; 
33.08045165843331; 4.54577566416e-05; 
33.52748478895268; 5.55038423045e-05; 
33.97451791947205; 3.15438774123e-05; 
34.42155104999141; 1.51288168126e-05; 
34.86858418051079; 3.56424352503e-05; 
35.31561731103015; 2.82351138594e-05; 
35.76265044154952; 9.37882432481e-05; 
36.20968357206889; 7.67414821894e-05; 
36.65671670258826; 0.000110701890662; 
37.10374983310763; 0.000155898364028; 
37.550782963627; 8.59390784171e-05; 
37.99781609414637; 1.55222787726e-05; 
38.44484922466574; 5.71195487282e-05; 
38.89188235518511; 6.29017959e-05; 
39.33891548570448; 1.70675011759e-05; 
39.78594861622385; 1.42218041219e-05; 
40.23298174674321; 5.11479229317e-05; 
40.68001487726259; 6.58396238578e-05; 
41.12704800778195; 0.000102327765489; 
41.57408113830132; 6.81551682646e-05; 
42.02111426882069; 4.39614304923e-05; 
42.46814739934006; 7.34934073989e-05; 
42.91518052985943; 0.000119932366943; 
43.3622136603788; 0.000142835560837; 
43.80924679089816; 7.53162821638e-05; 
44.25627992141754; 9.35343996389e-05; 
44.7033130519369; 6.43037201371e-05; 
45.15034618245627; 3.77392498194e-05; 
45.59737931297564; 4.57528476545e-05; 
46.04441244349501; 6.49494686513e-05; 
46.49144557401438; 7.59689428378e-05; 
46.93847870453375; 1.4578156879e-05; 
47.38551183505312; 6.53778333799e-05; 
47.83254496557249; 1.90628343262e-05; 
48.27957809609186; 3.7550496927e-05; 
48.72661122661123; 4.17054216086e-05; 
49.1736443571306; 2.56015591731e-05; 
49.62067748764996; 3.64197476301e-05; 
50.06771061816934; 6.60201039864e-05; 
50.5147437486887; 6.26853579888e-05; 
50.96177687920807; 1.98487687157e-05; 
51.40881000972744; 3.44190375472e-05; 
51.85584314024681; 3.71464229829e-05; 
52.30287627076618; 7.29210150894e-05; 
52.74990940128555; 8.48201962071e-05; 
53.19694253180491; 9.0331719548e-05; 
53.64397566232429; 6.36238037259e-05; 
54.09100879284365; 4.86555973112e-06; 
54.53804192336302; 5.9635611251e-05; 
54.98507505388239; 7.20716852811e-05; 
55.43210818440176; 6.16090328549e-05; 
55.87914131492113; 3.53141476808e-05; 
56.3261744454405; 2.40834633587e-05; 
56.77320757595987; 6.38262063148e-05; 
57.22024070647924; 7.93981962488e-05; 
57.66727383699861; 7.69910548115e-05; 
58.11430696751798; 2.91909109364e-05; 
58.56134009803735; 7.92825376266e-05; 
59.00837322855671; 0.000104523103801; 
59.45540635907609; 0.000714627793059; 
59.90243948959545; 0.00182991579641; 
60.34947262011482; 0.00111034000292; 
60.79650575063419; 7.82998467912e-05; 
61.24353888115356; 6.71032321407e-05; 
61.69057201167293; 6.39960417175e-05; 
62.1376051421923; 3.74326300516e-05; 
62.58463827271166; 8.24605012895e-05; 
63.03167140323104; 7.75176886236e-05; 
63.4787045337504; 5.94979101152e-05; 
63.92573766426977; 0.000170383049408; 
64.37277079478915; 0.000179498252692; 
64.81980392530851; 9.90397238638e-05; 
65.26683705582788; 6.15513781668e-05; 
65.71387018634725; 3.75588533643e-05; 
66.16090331686662; 0.000126272047055; 
66.60793644738598; 0.000207054225029; 
67.05496957790535; 6.47196939099e-05; 
67.50200270842473; 5.45972616237e-05; 
67.9490358389441; 7.58109890739e-05; 
68.39606896946347; 9.92903951555e-05; 
68.84310209998283; 2.22788603423e-05; 
69.2901352305022; 6.44298634143e-05; 
69.73716836102157; 7.75270018494e-05; 
70.18420149154095; 5.93984987063e-05; 
70.6312346220603; 2.71272938335e-06; 
71.07826775257968; 6.20021965005e-05; 
71.52530088309905; 6.16449542576e-05; 
71.97233401361842; 3.74977062165e-05; 
72.41936714413778; 1.50751029651e-05; 
72.86640027465715; 4.6805220336e-05; 
73.31343340517653; 5.47239505977e-05; 
73.7604665356959; 6.8384106271e-05; 
74.20749966621526; 9.31290105655e-06; 
74.65453279673463; 7.38079979783e-05; 
75.101565927254; 0.000100785211544; 
75.54859905777337; 8.29880300444e-05; 
75.99563218829273; 8.92120879143e-05; 
76.4426653188121; 7.38989692763e-05; 
76.88969844933148; 8.11756399344e-05; 
77.33673157985085; 0.000136834685691; 
77.78376471037022; 7.13591216481e-05; 
78.23079784088958; 3.07486989186e-05; 
78.67783097140895; 3.42005250786e-06; 
79.12486410192832; 7.1713788202e-05; 
79.5718972324477; 0.000116879571578; 
80.01893036296705; 0.00010350075172; 
80.46596349348643; 6.26324690529e-05; 
80.9129966240058; 6.27987465123e-05; 
81.36002975452517; 6.22352017672e-05; 
81.80706288504453; 6.61101439619e-05; 
82.2540960155639; 5.60545777262e-05; 
82.70112914608328; 4.88081896037e-05; 
83.14816227660265; 4.70464801765e-05; 
83.59519540712201; 3.64413681382e-05; 
84.04222853764138; 1.57833474077e-05; 
84.48926166816075; 4.87077486468e-05; 
84.93629479868012; 9.73707283265e-05; 
85.38332792919948; 5.84883709962e-05; 
85.83036105971885; 3.62442442565e-05; 
86.27739419023823; 7.42728734622e-05; 
86.7244273207576; 8.55861944729e-05; 
87.17146045127697; 6.95265116519e-05; 
87.61849358179633; 3.85696985177e-05; 
88.0655267123157; 5.51838711544e-05; 
88.51255984283507; 5.13750565005e-05; 
88.95959297335445; 2.68077565124e-05; 
89.4066261038738; 9.75676957751e-05; 
89.85365923439318; 7.30117972125e-05; 
90.30069236491255; 0.000118458745419; 
90.74772549543192; 0.000113924448669; 
91.19475862595128; 7.68149984651e-05; 
91.64179175647065; 8.09444682091e-05; 
92.08882488699003; 7.04206613591e-05; 
92.5358580175094; 5.98774131504e-05; 
92.98289114802876; 4.81671449961e-05; 
93.42992427854813; 3.72562280972e-05; 
93.8769574090675; 2.6611456633e-05; 
94.32399053958687; 7.13592380635e-05; 
94.77102367010623; 0.000101134050055; 
95.2180568006256; 8.42228837428e-05; 
95.66508993114498; 8.15370294731e-05; 
96.11212306166435; 7.92422360973e-05; 
96.55915619218372; 4.44719880761e-05; 
97.00618932270308; 5.16074542247e-05; 
97.45322245322245; 9.98385003186e-05; 
97.90025558374182; 9.58527089097e-05; 
98.3472887142612; 3.1643834518e-05; 
98.79432184478055; 4.96629181725e-05; 
99.24135497529993; 9.91258057184e-05; 
99.6883881058193; 2.93250268442e-05; 
100.1354212363387; 0.000123362347949; 
100.582454366858; 9.28204244701e-05; 
101.0294874973774; 9.59554199653e-06; 
101.4765206278968; 4.41105294158e-05; 
101.9235537584161; 2.79885571217e-05; 
102.3705868889355; 3.05524081341e-05; 
102.8176200194549; 8.16587344161e-05; 
103.2646531499743; 6.23391242698e-05; 
103.7116862804936; 2.85704263661e-05; 
104.158719411013; 3.37488600053e-05; 
104.6057525415324; 6.50370348012e-05; 
105.0527856720517; 7.91803831817e-05; 
105.4998188025711; 1.65869514603e-05; 
105.9468519330905; 4.6914039558e-05; 
106.3938850636098; 3.83170663554e-06; 
106.8409181941292; 5.72085955355e-05; 
107.2879513246486; 4.49947256129e-05; 
107.7349844551679; 5.7684002968e-05; 
108.1820175856873; 5.30294018972e-05; 
108.6290507162067; 4.19712305302e-05; 
109.076083846726; 6.6293796408e-05; 
109.5231169772454; 7.18401570339e-05; 
109.9701501077648; 2.31627636822e-05; 
110.4171832382842; 9.0850648121e-05; 
110.8642163688035; 8.48756972118e-05; 
111.3112494993229; 6.92461908329e-05; 
111.7582826298423; 5.57001767447e-05; 
112.2053157603616; 8.60344953253e-05; 
112.652348890881; 0.000125004778965; 
113.0993820214004; 7.55855435273e-05; 
113.5464151519197; 8.14473678474e-05; 
113.9934482824391; 4.84378906549e-05; 
114.4404814129585; 6.48763307254e-06; 
114.8875145434778; 9.86318991636e-06; 
115.3345476739972; 3.22520972986e-05; 
115.7815808045166; 7.11167085683e-05; 
116.228613935036; 6.4688778366e-05; 
116.6756470655553; 6.68899156153e-05; 
117.1226801960747; 6.74472757964e-05; 
117.5697133265941; 6.90610977472e-05; 
118.0167464571134; 3.81861682399e-05; 
118.4637795876328; 1.51957992784e-05; 
118.9108127181522; 3.06292131427e-05; 
119.3578458486715; 9.65076760622e-05; 
119.8048789791909; 0.000165739489603; 
120.2519121097103; 9.3046357506e-05; 
120.6989452402296; 1.30073594846e-05; 
121.145978370749; 1.30806074594e-05; 
121.5930115012684; 4.98615445395e-05; 
122.0400446317878; 9.04416010599e-05; 
122.4870777623071; 7.71414997871e-05; 
122.9341108928265; 6.37709672446e-05; 
123.3811440233459; 5.44154027011e-05; 
123.8281771538652; 4.92320759804e-05; 
124.2752102843846; 2.98466420645e-05; 
124.722243414904; 8.33360318211e-05; 
125.1692765454233; 3.92447291233e-05; 
125.6163096759427; 5.079184848e-05; 
126.0633428064621; 3.42458442901e-05; 
126.5103759369814; 8.84196051629e-05; 
126.9574090675008; 4.9198675697e-05; 
127.4044421980202; 2.00893737201e-05; 
127.8514753285395; 4.01481192966e-05; 
128.2985084590589; 6.873892562e-05; 
128.7455415895783; 4.19569842052e-05; 
129.1925747200977; 0.000102442834759; 
129.639607850617; 0.000100566125184; 
130.0866409811364; 7.50441977289e-05; 
130.5336741116558; 1.9435370632e-05; 
130.9807072421751; 2.98105696857e-05; 
131.4277403726945; 6.41770238872e-05; 
131.8747735032139; 8.97724094102e-05; 
132.3218066337332; 7.85152005847e-05; 
132.7688397642526; 7.31980398996e-05; 
133.215872894772; 3.58078359568e-05; 
133.6629060252913; 8.55477410369e-05; 
134.1099391558107; 0.000123861900647; 
134.5569722863301; 9.73735295702e-05; 
135.0040054168495; 5.0138507504e-05; 
135.4510385473688; 1.63548866112e-05; 
135.8980716778882; 7.19668823876e-05; 
136.3451048084076; 7.88009056123e-05; 
136.7921379389269; 8.33230151329e-05; 
137.2391710694463; 8.42711742735e-05; 
137.6862041999657; 6.88169384375e-05; 
138.133237330485; 8.02692829893e-06; 
138.5802704610044; 8.83461034391e-05; 
139.0273035915238; 8.51168806548e-05; 
139.4743367220431; 4.56270099676e-05; 
139.9213698525625; 4.13651468989e-05; 
140.3684029830819; 1.01972600532e-05; 
140.8154361136012; 2.30771511269e-05; 
141.2624692441206; 1.58779821504e-05; 
141.70950237464; 4.63524556835e-05; 
142.1565355051594; 4.53641478089e-05; 
142.6035686356787; 5.74154037167e-05; 
143.0506017661981; 7.26561920601e-05; 
143.4976348967175; 8.68915303727e-05; 
143.9446680272368; 5.96485042479e-05; 
144.3917011577562; 1.59660503414e-05; 
144.8387342882756; 6.9003450335e-05; 
145.2857674187949; 4.88185505674e-05; 
145.7328005493143; 1.34818637889e-05; 
146.1798336798337; 2.94437832054e-05; 
146.6268668103531; 2.08030214708e-05; 
147.0738999408724; 1.85357148439e-05; 
147.5209330713918; 4.77447647427e-05; 
147.9679662019112; 2.01338843908e-05; 
148.4149993324305; 3.65055384464e-05; 
148.8620324629499; 4.78548390674e-05; 
149.3090655934693; 8.09069970273e-05; 
149.7560987239886; 8.11358258943e-05; 
150.203131854508; 4.02837795264e-05; 
150.6501649850274; 8.1482452515e-05; 
151.0971981155467; 9.90548433037e-05; 
151.5442312460661; 7.10887688911e-05; 
151.9912643765855; 6.44528554403e-05; 
152.4382975071048; 4.65062839794e-05; 
152.8853306376242; 5.68232317164e-05; 
153.3323637681436; 4.8578287533e-05; 
153.779396898663; 0.000117134535685; 
154.2264300291823; 8.46973343869e-05; 
154.6734631597017; 4.05089922424e-05; 
155.1204962902211; 2.2688322133e-05; 
155.5675294207404; 4.42329655925e-05; 
156.0145625512598; 6.20205464656e-05; 
156.4615956817792; 4.4952314056e-05; 
156.9086288122985; 7.33437846065e-05; 
157.3556619428179; 6.59786746837e-05; 
157.8026950733373; 4.06137332902e-05; 
158.2497282038566; 6.21316939942e-05; 
158.696761334376; 3.55076081178e-05; 
159.1437944648954; 3.24976135744e-05; 
159.5908275954147; 4.4788721425e-05; 
160.0378607259341; 4.14328860643e-05; 
160.4848938564535; 2.92334552796e-05; 
160.9319269869729; 3.96114155592e-05; 
161.3789601174922; 6.52707967674e-05; 
161.8259932480116; 6.2189392338e-05; 
162.273026378531; 6.03706212132e-05; 
162.7200595090503; 8.086329035e-05; 
163.1670926395697; 9.81833145488e-05; 
163.6141257700891; 0.000126228580484; 
164.0611589006084; 0.000117885814689; 
164.5081920311278; 7.94672232587e-05; 
164.9552251616472; 5.04217750859e-05; 
165.4022582921666; 4.5027329179e-05; 
165.8492914226859; 2.720847624e-05; 
166.2963245532053; 3.28420574078e-05; 
166.7433576837247; 2.94833571388e-05; 
167.190390814244; 6.06673529546e-05; 
167.6374239447634; 7.17170332791e-05; 
168.0844570752828; 2.87216043944e-05; 
168.5314902058021; 5.00130845467e-05; 
168.9785233363215; 4.33403001807e-05; 
169.4255564668409; 5.1123497542e-05; 
169.8725895973602; 6.30223221378e-05; 
170.3196227278796; 4.92936087539e-05; 
170.766655858399; 8.22962028906e-05; 
171.2136889889183; 4.50998340966e-05; 
171.6607221194377; 5.62395507586e-05; 
172.1077552499571; 0.000104450889921; 
172.5547883804765; 0.000101187331893; 
173.0018215109958; 4.46119811386e-05; 
173.4488546415152; 6.24796375632e-05; 
173.8958877720346; 9.3539361842e-05; 
174.3429209025539; 4.32082160842e-05; 
174.7899540330733; 4.04298880312e-05; 
175.2369871635927; 8.93873802852e-05; 
175.684020294112; 0.000116446892207; 
176.1310534246314; 6.77020434523e-05; 
176.5780865551508; 1.76727207872e-05; 
177.0251196856701; 3.0268507544e-05; 
177.4721528161895; 5.7454846683e-05; 
177.9191859467089; 6.63688551867e-05; 
178.3662190772282; 9.71613189904e-05; 
178.8132522077476; 0.000105715116661; 
179.260285338267; 0.00084106210852; 
179.7073184687864; 0.00326303788461; 
180.1543515993057; 0.00291931210086; 
180.6013847298251; 0.000492145423777; 
181.0484178603445; 5.02012371726e-05; 
181.4954509908638; 8.12990037957e-05; 
181.9424841213832; 2.94920446322e-05; 
182.3895172519026; 8.87029746082e-05; 
182.8365503824219; 0.000112425470434; 
183.2835835129413; 5.24261376995e-05; 
183.7306166434607; 2.71342378255e-05; 
184.1776497739801; 6.36142704025e-06; 
184.6246829044994; 3.17939557135e-05; 
185.0717160350188; 4.65557386633e-05; 
185.5187491655382; 6.0217374994e-05; 
185.9657822960575; 4.31494627264e-05; 
186.4128154265769; 4.35494730482e-05; 
186.8598485570963; 4.19124116888e-05; 
187.3068816876156; 8.9967274107e-05; 
187.753914818135; 6.19874626864e-05; 
188.2009479486544; 2.56625735346e-05; 
188.6479810791737; 2.52191748586e-05; 
189.0950142096931; 2.08970031963e-05; 
189.5420473402125; 3.63848339475e-05; 
189.9890804707318; 5.02942566527e-05; 
190.4361136012512; 2.0919376766e-05; 
190.8831467317706; 4.77298453916e-05; 
191.33017986229; 9.42257829593e-05; 
191.7772129928093; 6.42874074401e-05; 
192.2242461233287; 7.77932582423e-05; 
192.6712792538481; 9.32853217819e-05; 
193.1183123843674; 2.47401458182e-05; 
193.5653455148868; 0.000108569431177; 
194.0123786454062; 0.000105518731289; 
194.4594117759255; 9.84348371276e-05; 
194.9064449064449; 7.54355933168e-05; 
195.3534780369643; 6.45764812361e-05; 
195.8005111674836; 7.69772523199e-05; 
196.247544298003; 6.41463921056e-05; 
196.6945774285224; 4.9917416618e-05; 
197.1416105590417; 5.22808404639e-05; 
197.5886436895611; 5.93128352193e-05; 
198.0356768200805; 3.98294105253e-05; 
198.4827099505999; 9.44533530856e-06; 
198.9297430811192; 3.08107046294e-05; 
199.3767762116386; 3.72154936485e-05; 
199.823809342158; 6.68227658025e-05; 
200.2708424726773; 4.82288705825e-05; 
200.7178756031967; 3.30091279466e-05; 
201.1649087337161; 7.99018016551e-05; 
201.6119418642354; 0.000106741164927; 
202.0589749947548; 7.51775296521e-05; 
202.5060081252742; 5.65193367947e-05; 
202.9530412557936; 6.4888583438e-05; 
203.4000743863129; 6.79603836033e-05; 
203.8471075168323; 3.5077217035e-05; 
204.2941406473517; 3.57373828592e-05; 
204.741173777871; 4.01273064199e-05; 
205.1882069083904; 3.84003360523e-05; 
205.6352400389098; 9.15297423489e-05; 
206.0822731694291; 5.96985300945e-05; 
206.5293062999485; 7.56069493946e-05; 
206.9763394304679; 9.36383075896e-05; 
207.4233725609872; 4.38141796621e-05; 
207.8704056915066; 5.12550031999e-05; 
208.317438822026; 9.33235496632e-05; 
208.7644719525453; 8.58618077473e-05; 
209.2115050830647; 7.60829425417e-05; 
209.6585382135841; 4.54141991213e-05; 
210.1055713441035; 1.51140429807e-05; 
210.5526044746228; 1.73860134964e-05; 
210.9996376051422; 4.37419985246e-05; 
211.4466707356616; 6.40229263809e-05; 
211.8937038661809; 2.37061849475e-05; 
212.3407369967003; 2.67313989752e-05; 
212.7877701272197; 6.01039500907e-05; 
213.234803257739; 5.87233625993e-05; 
213.6818363882584; 5.79606130486e-05; 
214.1288695187778; 7.31692343834e-05; 
214.5759026492971; 0.000105612591142; 
215.0229357798165; 7.82475981396e-05; 
215.4699689103359; 4.77918256365e-05; 
215.9170020408552; 3.22999876516e-05; 
216.3640351713746; 0.000100435769127; 
216.811068301894; 9.95450900518e-05; 
217.2581014324134; 7.8085482528e-05; 
217.7051345629327; 3.25157488987e-05; 
218.1521676934521; 6.15004391875e-05; 
218.5992008239715; 9.94273868855e-05; 
219.0462339544908; 6.31534057902e-05; 
219.4932670850102; 1.72050240508e-05; 
219.9403002155296; 3.40711922036e-05; 
220.3873333460489; 2.25416497415e-05; 
220.8343664765683; 4.01650904678e-05; 
221.2813996070877; 3.41230479535e-05; 
221.7284327376071; 1.15823913802e-05; 
222.1754658681264; 1.95671236725e-05; 
222.6224989986458; 5.81332960792e-06; 
223.0695321291652; 1.6343083189e-05; 
223.5165652596845; 2.77647432085e-05; 
223.9635983902039; 5.69061849092e-05; 
224.4106315207233; 9.20290331123e-05; 
224.8576646512426; 9.27922228584e-05; 
225.304697781762; 6.15275494056e-05; 
225.7517309122814; 6.40248254058e-05; 
226.1987640428007; 6.25218381174e-05; 
226.6457971733201; 4.31770240539e-05; 
227.0928303038395; 3.91523535654e-05; 
227.5398634343588; 5.59268737561e-05; 
227.9868965648782; 2.16241915041e-05; 
228.4339296953976; 6.7270542786e-05; 
228.880962825917; 8.53402452776e-05; 
229.3279959564363; 3.31304399879e-05; 
229.7750290869557; 3.14445169352e-05; 
230.2220622174751; 8.1728787336e-05; 
230.6690953479944; 6.93647816661e-05; 
231.1161284785138; 2.70994059974e-05; 
231.5631616090332; 5.67120951018e-05; 
232.0101947395525; 8.2085323811e-05; 
232.4572278700719; 5.78231083637e-05; 
232.9042610005913; 4.77382018289e-05; 
233.3512941311106; 6.48049754091e-05; 
233.79832726163; 3.5240114812e-05; 
234.2453603921494; 5.81802269153e-05; 
234.6923935226687; 3.50348309439e-05; 
235.1394266531881; 5.73183388042e-05; 
235.5864597837075; 7.01681201463e-05; 
236.0334929142269; 8.49150164868e-05; 
236.4805260447462; 0.00012093467376; 
236.9275591752656; 0.000118860079965; 
237.374592305785; 5.94468328927e-05; 
237.8216254363043; 2.66430670308e-05; 
238.2686585668237; 2.144534119e-05; 
238.7156916973431; 1.34901765705e-05; 
239.1627248278624; 4.48952705483e-05; 
239.6097579583818; 6.94191840012e-05; 
240.0567910889012; 6.02345171501e-05; 
240.5038242194206; 6.94185437169e-05; 
240.9508573499399; 4.19356838393e-05; 
241.3978904804593; 5.98205369897e-05; 
241.8449236109787; 5.37384476047e-05; 
242.291956741498; 3.94105773012e-05; 
242.7389898720174; 8.17861655378e-05; 
243.1860230025368; 5.58703941351e-05; 
243.6330561330561; 3.04268560285e-05; 
244.0800892635755; 7.15022906661e-05; 
244.5271223940949; 9.06102723093e-05; 
244.9741555246142; 8.32042860566e-05; 
245.4211886551336; 4.68952057417e-05; 
245.868221785653; 4.18847848778e-05; 
246.3152549161723; 9.2768779723e-05; 
246.7622880466917; 0.000122797879158; 
247.2093211772111; 7.58753012633e-05; 
247.6563543077305; 8.59297870193e-05; 
248.1033874382498; 6.54048271826e-05; 
248.5504205687692; 4.38964780187e-05; 
248.9974536992886; 5.29972712684e-05; 
249.4444868298079; 9.27410947043e-05; 
249.8915199603273; 7.90191843407e-05; 
250.3385530908467; 4.58436334156e-05; 
250.785586221366; 3.41655468219e-05; 
251.2326193518854; 4.8647478252e-05; 
251.6796524824048; 4.10142420151e-05; 
252.1266856129241; 4.06799881603e-05; 
252.5737187434435; 5.45198163309e-05; 
253.0207518739629; 8.80783227331e-06; 
253.4677850044822; 4.21634176746e-05; 
253.9148181350016; 3.27440466208e-05; 
254.361851265521; 3.10441391775e-05; 
254.8088843960404; 7.7722586866e-05; 
255.2559175265597; 6.23808300588e-05; 
255.7029506570791; 5.10408463015e-05; 
256.1499837875984; 3.16755613312e-05; 
256.5970169181178; 9.78915522865e-06; 
257.0440500486372; 3.54191106453e-05; 
257.4910831791566; 1.91344806808e-05; 
257.9381163096759; 7.65383301768e-05; 
258.3851494401953; 7.18207884347e-05; 
258.8321825707147; 6.40293947072e-05; 
259.279215701234; 4.31783846579e-05; 
259.7262488317534; 6.80834928062e-05; 
260.1732819622728; 4.72363244626e-05; 
260.6203150927922; 1.83624433703e-05; 
261.0673482233115; 5.60316220799e-05; 
261.5143813538309; 8.24095695862e-05; 
261.9614144843503; 2.32739093917e-05; 
262.4084476148697; 5.25427603861e-05; 
262.855480745389; 4.16283619415e-05; 
263.3025138759083; 4.93463121529e-05; 
263.7495470064277; 3.99169803131e-05; 
264.1965801369471; 3.73088296328e-05; 
264.6436132674665; 6.40214857413e-05; 
265.0906463979858; 7.92994796939e-06; 
265.5376795285052; 7.32145272195e-05; 
265.9847126590246; 0.000117254799989; 
266.4317457895439; 6.94872578606e-05; 
266.8787789200633; 1.75067234522e-05; 
267.3258120505827; 3.0232627978e-05; 
267.7728451811021; 6.0994992964e-05; 
268.2198783116214; 8.49224234116e-05; 
268.6669114421408; 2.70881864708e-05; 
269.1139445726602; 3.69459194189e-05; 
269.5609777031796; 2.37981621467e-05; 
270.0080108336989; 2.46126273851e-05; 
270.4550439642182; 1.55428242579e-05; 
270.9020770947376; 3.26309345837e-05; 
271.349110225257; 4.29247374996e-05; 
271.7961433557764; 4.24004501838e-05; 
272.2431764862957; 2.98839722745e-06; 
272.6902096168151; 2.91011128866e-05; 
273.1372427473345; 4.0993305447e-05; 
273.5842758778539; 3.78852200811e-05; 
274.0313090083732; 3.89428569179e-05; 
274.4783421388926; 3.38810277754e-05; 
274.925375269412; 4.06408435083e-05; 
275.3724083999313; 7.20631505828e-05; 
275.8194415304507; 4.64491677121e-05; 
276.2664746609701; 3.47691129718e-05; 
276.7135077914895; 6.20890059508e-05; 
277.1605409220088; 3.40014339599e-05; 
277.6075740525282; 5.81675085414e-05; 
278.0546071830476; 0.000121891192975; 
278.5016403135669; 8.02383656264e-05; 
278.9486734440863; 1.91194303625e-05; 
279.3957065746056; 2.2968813937e-05; 
279.842739705125; 4.08905580116e-05; 
280.2897728356444; 3.25306282321e-05; 
280.7368059661638; 2.64808295469e-05; 
281.1838390966831; 3.72230788344e-05; 
281.6308722272025; 5.071322812e-05; 
282.0779053577219; 8.1525031419e-05; 
282.5249384882412; 3.71815222024e-05; 
282.9719716187606; 1.47035943883e-05; 
283.41900474928; 5.51202947463e-06; 
283.8660378797994; 5.02149487147e-05; 
284.3130710103187; 7.99066328909e-05; 
284.7601041408381; 6.14973541815e-05; 
285.2071372713575; 3.24380671373e-05; 
285.6541704018768; 0.000108159125375; 
286.1012035323962; 7.67444580561e-05; 
286.5482366629155; 5.15893225383e-05; 
286.9952697934349; 8.86213892954e-05; 
287.4423029239543; 4.5289794798e-05; 
287.8893360544737; 4.43281751359e-05; 
288.336369184993; 4.78218171338e-05; 
288.7834023155124; 1.19088736028e-06; 
289.2304354460318; 4.04675010941e-05; 
289.6774685765511; 0.000123850055388; 
290.1245017070705; 0.000112673493277; 
290.5715348375899; 4.40583389718e-05; 
291.0185679681093; 3.2262548757e-06; 
291.4656010986286; 5.33458187419e-05; 
291.912634229148; 3.92611764255e-05; 
292.3596673596674; 3.55810952897e-05; 
292.8067004901867; 4.71361381642e-05; 
293.2537336207061; 1.06968163891e-05; 
293.7007667512254; 6.91050881869e-05; 
294.1477998817448; 6.52201124467e-05; 
294.5948330122642; 7.94371881057e-05; 
295.0418661427836; 5.49445103388e-05; 
295.4888992733029; 4.93077604915e-05; 
295.9359324038223; 8.93173491932e-05; 
296.3829655343417; 9.85462756944e-05; 
296.829998664861; 3.41599843523e-05; 
297.2770317953804; 5.0335576816e-05; 
297.7240649258998; 6.5358937718e-05; 
298.1710980564192; 6.11277937423e-05; 
298.6181311869385; 6.6003165557e-05; 
299.0651643174579; 0.000142764212796; 
299.5121974479773; 0.00110814638902; 
299.9592305784967; 0.00137930456549; 
300.406263709016; 0.000362552789738; 
300.8532968395353; 9.78103707894e-05; 
301.3003299700547; 7.22935947124e-05; 
301.7473631005741; 6.07110487181e-05; 
302.1943962310935; 0.00010314201063; 
302.6414293616128; 6.50682995911e-05; 
303.0884624921322; 4.27962513641e-05; 
303.5354956226516; 5.11167454533e-05; 
303.9825287531709; 8.53187739267e-05; 
304.4295618836903; 9.9006727396e-05; 
304.8765950142097; 6.39289719402e-05; 
305.3236281447291; 2.56918010564e-05; 
305.7706612752484; 7.15812129783e-05; 
306.2176944057678; 1.8578959498e-05; 
306.6647275362872; 3.61198581231e-05; 
307.1117606668066; 3.03881115542e-05; 
307.5587937973259; 0.000122669531265; 
308.0058269278452; 0.000166576282936; 
308.4528600583646; 8.09381599538e-05; 
308.899893188884; 4.7400531912e-05; 
309.3469263194034; 5.86074711464e-05; 
309.7939594499227; 5.93202894379e-05; 
310.2409925804421; 3.66860003851e-05; 
310.6880257109615; 3.89857159462e-05; 
311.1350588414809; 5.07469449076e-05; 
311.5820919720002; 5.62099739909e-05; 
312.0291251025196; 5.20491412317e-05; 
312.476158233039; 6.36465119896e-05; 
312.9231913635583; 4.23362725996e-05; 
313.3702244940777; 1.67698144651e-05; 
313.8172576245971; 6.7974178819e-06; 
314.2642907551165; 2.81268130493e-05; 
314.7113238856358; 7.21507167327e-05; 
315.1583570161552; 0.000100951066997; 
315.6053901466746; 7.14843554306e-05; 
316.0524232771939; 7.64465876273e-05; 
316.4994564077133; 1.08936155812e-05; 
316.9464895382326; 2.02492246899e-05; 
317.393522668752; 5.63945541217e-05; 
317.8405557992714; 4.38774113718e-05; 
318.2875889297908; 2.39452365349e-05; 
318.7346220603101; 3.46429587808e-05; 
319.1816551908295; 1.44308501149e-06; 
319.6286883213489; 1.80563674803e-05; 
320.0757214518682; 3.23623171425e-05; 
320.5227545823876; 0.000107864303573; 
320.969787712907; 0.000114878414024; 
321.4168208434264; 4.46712474513e-05; 
321.8638539739457; 3.16496225423e-05; 
322.3108871044651; 4.48981772934e-05; 
322.7579202349845; 5.31323457835e-05; 
323.2049533655038; 4.28245948569e-05; 
323.6519864960232; 3.35912118317e-05; 
324.0990196265425; 9.95379377855e-05; 
324.5460527570619; 7.76780725573e-05; 
