% Module: Scope, ID: c0p1t6p1cfm0
% Device: DEV7225
% Time: 2026/04/06 21:05:00
% Wave Channel 1, /dev7225/scopes/0/wave.0BWN
% Wave Channel 2, /dev7225/scopes/0/wave.1BWN
% Frequency (Hz); Wave Channel 1  Spectral Density (V/√Hz); Wave Channel 2  Spectral Density (√Hz)
0; 8.25057029724; 
0.447033130519369; 5.87658262253; 
0.8940662610387381; 0.0390818342566; 
1.341099391558107; 0.00630112830549; 
1.788132522077476; 0.00216492381878; 
2.235165652596845; 0.000788284640294; 
2.682198783116214; 0.000453195854789; 
3.129231913635584; 0.000322229723679; 
3.576265044154952; 9.84407015494e-05; 
4.023298174674322; 0.000181025723577; 
4.470331305193691; 8.06688112789e-05; 
4.917364435713059; 0.000142948119901; 
5.364397566232428; 5.36515181011e-05; 
5.811430696751797; 8.17314794404e-05; 
6.258463827271167; 4.27983104601e-05; 
6.705496957790536; 5.94411103521e-05; 
7.152530088309905; 7.90382982814e-05; 
7.599563218829274; 0.000101297810033; 
8.046596349348643; 5.80278901907e-05; 
8.493629479868012; 0.000111762557935; 
8.940662610387381; 5.56595805392e-05; 
9.38769574090675; 6.36916520307e-05; 
9.834728871426119; 1.57276172104e-05; 
10.28176200194549; 4.36576956417e-05; 
10.72879513246486; 4.89075209771e-05; 
11.17582826298423; 6.03205953666e-05; 
11.62286139350359; 6.1960570747e-05; 
12.06989452402297; 9.55207651714e-05; 
12.51692765454233; 0.000133088135044; 
12.9639607850617; 4.98019689985e-05; 
13.41099391558107; 0.000134391972097; 
13.85802704610044; 7.75375592639e-05; 
14.30506017661981; 1.01693813122e-05; 
14.75209330713918; 3.50915179297e-05; 
15.19912643765855; 1.59233895829e-05; 
15.64615956817792; 2.5379968065e-05; 
16.09319269869729; 5.23473936482e-05; 
16.54022582921666; 3.05392422888e-05; 
16.98725895973602; 2.66245806415e-05; 
17.43429209025539; 1.68529768416e-05; 
17.88132522077476; 6.62636957713e-05; 
18.32835835129413; 7.34411078156e-05; 
18.7753914818135; 8.98370781215e-05; 
19.22242461233287; 8.92893658602e-05; 
19.66945774285224; 8.34068123368e-05; 
20.11649087337161; 7.06415739842e-05; 
20.56352400389098; 4.27194972872e-05; 
21.01055713441034; 4.1262996092e-05; 
21.45759026492971; 7.57196321501e-05; 
21.90462339544908; 2.10858979699e-05; 
22.35165652596845; 9.89594773273e-05; 
22.79868965648782; 8.30318458611e-05; 
23.24572278700719; 5.19551285834e-05; 
23.69275591752656; 7.30812753318e-05; 
24.13978904804593; 5.35389735887e-05; 
24.5868221785653; 0.000115839924547; 
25.03385530908467; 0.000142855060403; 
25.48088843960404; 4.73158761451e-05; 
25.92792157012341; 2.95731642836e-05; 
26.37495470064277; 8.60995787662e-05; 
26.82198783116214; 6.29244386801e-05; 
27.26902096168151; 4.1984822019e-05; 
27.71605409220088; 2.78695752058e-05; 
28.16308722272025; 2.26801821555e-05; 
28.61012035323962; 4.13766538259e-05; 
29.05715348375899; 6.24468593742e-05; 
29.50418661427836; 4.91766659252e-05; 
29.95121974479773; 3.77024443878e-05; 
30.39825287531709; 6.0021156969e-05; 
30.84528600583646; 6.12048315816e-05; 
31.29231913635583; 4.77281209896e-05; 
31.7393522668752; 5.5736178183e-05; 
32.18638539739457; 8.40447683004e-05; 
32.63341852791394; 3.91444373236e-05; 
33.08045165843331; 2.6370951673e-05; 
33.52748478895268; 5.95670871917e-06; 
33.97451791947205; 3.41726408806e-05; 
34.42155104999141; 1.42308344948e-05; 
34.86858418051079; 4.3505900976e-05; 
35.31561731103015; 4.70317536383e-05; 
35.76265044154952; 8.19291926746e-06; 
36.20968357206889; 3.86977662856e-05; 
36.65671670258826; 1.17650879474e-05; 
37.10374983310763; 4.16785405832e-05; 
37.550782963627; 6.89527587383e-05; 
37.99781609414637; 4.4182241254e-05; 
38.44484922466574; 5.51928897039e-05; 
38.89188235518511; 6.22102597845e-05; 
39.33891548570448; 3.93303635065e-05; 
39.78594861622385; 7.63319112593e-05; 
40.23298174674321; 9.63448983384e-05; 
40.68001487726259; 7.99695044407e-05; 
41.12704800778195; 7.27513906895e-05; 
41.57408113830132; 2.1891655706e-05; 
42.02111426882069; 8.04302981123e-05; 
42.46814739934006; 6.96283241268e-05; 
42.91518052985943; 4.75291490147e-05; 
43.3622136603788; 3.3261392673e-05; 
43.80924679089816; 3.36334087478e-05; 
44.25627992141754; 4.36566879216e-05; 
44.7033130519369; 4.41087104264e-05; 
45.15034618245627; 4.44816869276e-05; 
45.59737931297564; 7.16120775905e-05; 
46.04441244349501; 9.27005312406e-05; 
46.49144557401438; 4.80529888591e-05; 
46.93847870453375; 2.39411911025e-05; 
47.38551183505312; 3.98802912969e-05; 
47.83254496557249; 4.35769106844e-05; 
48.27957809609186; 3.94455382775e-05; 
48.72661122661123; 6.28465841146e-06; 
49.1736443571306; 3.65044616046e-05; 
49.62067748764996; 5.5818236433e-05; 
50.06771061816934; 6.77510397509e-05; 
50.5147437486887; 7.53960484872e-05; 
50.96177687920807; 4.95991407661e-05; 
51.40881000972744; 4.36690897914e-05; 
51.85584314024681; 1.72858162841e-05; 
52.30287627076618; 4.01883698942e-05; 
52.74990940128555; 8.99371589185e-05; 
53.19694253180491; 9.90546905086e-05; 
53.64397566232429; 3.38157988153e-05; 
54.09100879284365; 2.30987570831e-05; 
54.53804192336302; 1.29829068101e-05; 
54.98507505388239; 4.29958126915e-05; 
55.43210818440176; 4.97429246025e-05; 
55.87914131492113; 2.15735053644e-05; 
56.3261744454405; 3.91026587749e-05; 
56.77320757595987; 8.60201034811e-05; 
57.22024070647924; 6.30593931419e-05; 
57.66727383699861; 6.22902589384e-05; 
58.11430696751798; 3.66160747944e-05; 
58.56134009803735; 5.96370882704e-05; 
59.00837322855671; 0.000120239012176; 
59.45540635907609; 0.00262533547357; 
59.90243948959545; 0.00703410618007; 
60.34947262011482; 0.00464183138683; 
60.79650575063419; 0.000291471602395; 
61.24353888115356; 0.000120982025692; 
61.69057201167293; 3.14956878356e-06; 
62.1376051421923; 3.53686700691e-05; 
62.58463827271166; 5.17921871506e-05; 
63.03167140323104; 8.5279076302e-05; 
63.4787045337504; 0.000114311354992; 
63.92573766426977; 9.86827653833e-05; 
64.37277079478915; 6.61738449708e-05; 
64.81980392530851; 4.36065674876e-05; 
65.26683705582788; 2.59944008576e-05; 
65.71387018634725; 5.4705702496e-05; 
66.16090331686662; 8.75292316778e-05; 
66.60793644738598; 0.000216014261241; 
67.05496957790535; 0.000185872428119; 
67.50200270842473; 6.13181109657e-05; 
67.9490358389441; 9.49760215008e-05; 
68.39606896946347; 8.49538628245e-05; 
68.84310209998283; 0.000110582914203; 
69.2901352305022; 0.000157335511176; 
69.73716836102157; 6.23754531262e-05; 
70.18420149154095; 9.30370952119e-05; 
70.6312346220603; 6.27747285762e-05; 
71.07826775257968; 3.28435926349e-05; 
71.52530088309905; 6.78878641338e-05; 
71.97233401361842; 3.54292533302e-05; 
72.41936714413778; 5.41121698916e-05; 
72.86640027465715; 7.11926550139e-05; 
73.31343340517653; 9.64808496065e-05; 
73.7604665356959; 0.000109535234515; 
74.20749966621526; 0.000110701235826; 
74.65453279673463; 0.000109667475044; 
75.101565927254; 0.000107408028271; 
75.54859905777337; 4.90324709972e-05; 
75.99563218829273; 8.69840278028e-06; 
76.4426653188121; 8.93432516023e-05; 
76.88969844933148; 0.000164478464285; 
77.33673157985085; 9.87466337392e-05; 
77.78376471037022; 2.99776038446e-05; 
78.23079784088958; 2.09102036024e-05; 
78.67783097140895; 5.10309619131e-05; 
79.12486410192832; 9.888108616e-05; 
79.5718972324477; 6.86641214998e-05; 
80.01893036296705; 2.79997984762e-05; 
80.46596349348643; 4.86610697408e-05; 
80.9129966240058; 7.37680893508e-05; 
81.36002975452517; 8.41000000946e-05; 
81.80706288504453; 4.09400454373e-05; 
82.2540960155639; 8.383266686e-05; 
82.70112914608328; 0.000117688497994; 
83.14816227660265; 7.15069327271e-05; 
83.59519540712201; 8.2354499682e-06; 
84.04222853764138; 4.25667021773e-05; 
84.48926166816075; 7.04948106431e-05; 
84.93629479868012; 0.00012350990437; 
85.38332792919948; 4.12024128309e-05; 
85.83036105971885; 0.000103316378954; 
86.27739419023823; 5.4414573242e-05; 
86.7244273207576; 4.23733072239e-05; 
87.17146045127697; 7.94923616922e-05; 
87.61849358179633; 7.66588636907e-05; 
88.0655267123157; 7.97669054009e-05; 
88.51255984283507; 7.10382009856e-05; 
88.95959297335445; 8.15316452645e-05; 
89.4066261038738; 8.11019490357e-05; 
89.85365923439318; 0.000104251717858; 
90.30069236491255; 0.000171426465386; 
90.74772549543192; 0.00018257224292; 
91.19475862595128; 0.000102633537608; 
91.64179175647065; 0.000108179847302; 
92.08882488699003; 8.13842561911e-05; 
92.5358580175094; 7.20093230484e-05; 
92.98289114802876; 6.16268152953e-05; 
93.42992427854813; 9.74572103587e-05; 
93.8769574090675; 0.000126993996673; 
94.32399053958687; 0.000123016012367; 
94.77102367010623; 0.000129942636704; 
95.2180568006256; 0.00012749027519; 
95.66508993114498; 2.17108517973e-05; 
96.11212306166435; 9.00894810911e-05; 
96.55915619218372; 0.000128521351144; 
97.00618932270308; 0.000115950329928; 
97.45322245322245; 5.32751218998e-05; 
97.90025558374182; 5.18196429766e-05; 
98.3472887142612; 0.00011137562251; 
98.79432184478055; 0.000106111881905; 
99.24135497529993; 2.95515383186e-06; 
99.6883881058193; 7.23971097614e-05; 
100.1354212363387; 2.82134151348e-05; 
100.582454366858; 5.57798339287e-05; 
101.0294874973774; 3.38159916282e-05; 
101.4765206278968; 5.9743757447e-05; 
101.9235537584161; 0.000102065656392; 
102.3705868889355; 8.22424917715e-05; 
102.8176200194549; 5.66057824471e-05; 
103.2646531499743; 5.35466351721e-05; 
103.7116862804936; 0.000104734725028; 
104.158719411013; 7.03631012584e-05; 
104.6057525415324; 7.36426372896e-05; 
105.0527856720517; 8.05477393442e-05; 
105.4998188025711; 0.000158543640282; 
105.9468519330905; 0.000112721412734; 
106.3938850636098; 6.92085741321e-05; 
106.8409181941292; 1.53838973347e-05; 
107.2879513246486; 4.62332318421e-05; 
107.7349844551679; 7.7321245044e-05; 
108.1820175856873; 0.000101327699667; 
108.6290507162067; 8.41328510433e-05; 
109.076083846726; 2.4273438612e-05; 
109.5231169772454; 6.69413420837e-05; 
109.9701501077648; 9.00021477719e-05; 
110.4171832382842; 3.45087792084e-05; 
110.8642163688035; 6.69783003104e-06; 
111.3112494993229; 4.92868748552e-05; 
111.7582826298423; 6.07758847764e-05; 
112.2053157603616; 6.87214997015e-05; 
112.652348890881; 2.88362389256e-05; 
113.0993820214004; 3.45324224327e-05; 
113.5464151519197; 7.0008871262e-05; 
113.9934482824391; 4.94823871122e-05; 
114.4404814129585; 5.41645786143e-05; 
114.8875145434778; 5.80732448725e-05; 
115.3345476739972; 7.37014561309e-05; 
115.7815808045166; 6.62894526613e-05; 
116.228613935036; 5.21979272889e-05; 
116.6756470655553; 8.26693067211e-05; 
117.1226801960747; 0.000104110011307; 
117.5697133265941; 9.1647139925e-05; 
118.0167464571134; 2.2790469302e-05; 
118.4637795876328; 3.74925657525e-05; 
118.9108127181522; 2.21324735321e-05; 
119.3578458486715; 0.000150456893607; 
119.8048789791909; 0.00056635675719; 
120.2519121097103; 0.000524043105543; 
120.6989452402296; 6.87978390488e-05; 
121.145978370749; 8.80252118804e-05; 
121.5930115012684; 9.91696215351e-05; 
122.0400446317878; 5.94029188505e-05; 
122.4870777623071; 6.52302551316e-05; 
122.9341108928265; 4.78823931189e-05; 
123.3811440233459; 3.96790710511e-05; 
123.8281771538652; 6.96006900398e-05; 
124.2752102843846; 6.05487148277e-05; 
124.722243414904; 4.03589365305e-05; 
125.1692765454233; 3.28929309035e-05; 
125.6163096759427; 4.13249763369e-05; 
126.0633428064621; 5.61640408705e-05; 
126.5103759369814; 6.34040407022e-05; 
126.9574090675008; 9.51594120124e-05; 
127.4044421980202; 0.000103433369077; 
127.8514753285395; 3.97676121793e-05; 
128.2985084590589; 5.88408147451e-05; 
128.7455415895783; 4.13589659729e-05; 
129.1925747200977; 2.96336656902e-05; 
129.639607850617; 5.4522712162e-05; 
130.0866409811364; 2.72630622931e-05; 
130.5336741116558; 6.53355600662e-05; 
130.9807072421751; 7.08603984094e-05; 
131.4277403726945; 3.76808420697e-05; 
131.8747735032139; 4.68757461931e-05; 
132.3218066337332; 1.79603830475e-05; 
132.7688397642526; 3.43076862919e-05; 
133.215872894772; 2.8419719456e-05; 
133.6629060252913; 1.93824871531e-05; 
134.1099391558107; 3.48407265847e-05; 
134.5569722863301; 5.33636994078e-05; 
135.0040054168495; 8.72582677403e-05; 
135.4510385473688; 9.32706388994e-05; 
135.8980716778882; 9.16620192584e-05; 
136.3451048084076; 3.37920573656e-05; 
136.7921379389269; 1.25231999846e-05; 
137.2391710694463; 6.3603874878e-05; 
137.6862041999657; 4.66719029646e-05; 
138.133237330485; 5.25524701516e-05; 
138.5802704610044; 6.223678065e-05; 
139.0273035915238; 9.01255916688e-05; 
139.4743367220431; 6.35640899418e-05; 
139.9213698525625; 8.25382521725e-05; 
140.3684029830819; 3.66809181287e-05; 
140.8154361136012; 1.99038695428e-05; 
141.2624692441206; 5.24128990946e-05; 
141.70950237464; 9.10863091121e-05; 
142.1565355051594; 9.48712113313e-05; 
142.6035686356787; 7.11047105142e-05; 
143.0506017661981; 0.00010581719107; 
143.4976348967175; 0.000136800052132; 
143.9446680272368; 9.26879365579e-05; 
144.3917011577562; 4.66716846859e-05; 
144.8387342882756; 1.63254535437e-05; 
145.2857674187949; 3.56790733349e-05; 
145.7328005493143; 3.48204775946e-05; 
146.1798336798337; 4.81614806631e-05; 
146.6268668103531; 2.78216139122e-05; 
147.0738999408724; 5.35125582246e-05; 
147.5209330713918; 5.87180293223e-05; 
147.9679662019112; 3.63357466995e-05; 
148.4149993324305; 2.30427540373e-05; 
148.8620324629499; 1.36117196234e-05; 
149.3090655934693; 7.02244287822e-05; 
149.7560987239886; 0.000146840931848; 
150.203131854508; 6.93553229212e-05; 
150.6501649850274; 3.39666476066e-05; 
151.0971981155467; 3.21177139995e-05; 
151.5442312460661; 7.56476874813e-05; 
151.9912643765855; 6.05183522566e-05; 
152.4382975071048; 8.62453234731e-05; 
152.8853306376242; 0.000114402173494; 
153.3323637681436; 8.61498847371e-05; 
153.779396898663; 6.83646067046e-05; 
154.2264300291823; 5.46072624275e-06; 
154.6734631597017; 4.66559395136e-05; 
155.1204962902211; 9.33297706069e-05; 
155.5675294207404; 0.000108974723844; 
156.0145625512598; 7.81479029683e-05; 
156.4615956817792; 7.62151175877e-05; 
156.9086288122985; 1.55350535351e-05; 
157.3556619428179; 1.46884567584e-05; 
157.8026950733373; 6.00603561907e-05; 
158.2497282038566; 7.15504866093e-05; 
158.696761334376; 8.65918118507e-05; 
159.1437944648954; 0.000101401179563; 
159.5908275954147; 9.50601752265e-05; 
160.0378607259341; 0.000106090992631; 
160.4848938564535; 4.6638011554e-05; 
160.9319269869729; 3.5570046748e-05; 
161.3789601174922; 1.16261089715e-05; 
161.8259932480116; 3.11134972435e-05; 
162.273026378531; 3.71359456039e-05; 
162.7200595090503; 3.88952321373e-05; 
163.1670926395697; 9.11690294743e-05; 
163.6141257700891; 7.46861041989e-05; 
164.0611589006084; 8.33586018416e-05; 
164.5081920311278; 7.82231654739e-05; 
164.9552251616472; 6.10053175478e-05; 
165.4022582921666; 5.28181153641e-05; 
165.8492914226859; 4.17062474298e-05; 
166.2963245532053; 6.58567732899e-05; 
166.7433576837247; 9.83832287602e-05; 
167.190390814244; 4.14327914768e-05; 
167.6374239447634; 8.23741793283e-05; 
168.0844570752828; 8.71095180628e-05; 
168.5314902058021; 9.00761515368e-05; 
168.9785233363215; 6.37965786154e-05; 
169.4255564668409; 7.70591941546e-05; 
169.8725895973602; 0.000117251678603; 
170.3196227278796; 7.40713439882e-05; 
170.766655858399; 2.30983951042e-05; 
171.2136889889183; 4.8335215979e-05; 
171.6607221194377; 1.19457808978e-05; 
172.1077552499571; 4.97946894029e-05; 
172.5547883804765; 6.57703712932e-05; 
173.0018215109958; 0.000108326101326; 
173.4488546415152; 0.000117111187137; 
173.8958877720346; 6.28680281807e-05; 
174.3429209025539; 1.9995839466e-05; 
174.7899540330733; 0.000124202459119; 
175.2369871635927; 0.000118410309369; 
175.684020294112; 2.14396404772e-05; 
176.1310534246314; 8.84775654413e-05; 
176.5780865551508; 5.46132287127e-05; 
177.0251196856701; 7.87831595517e-05; 
177.4721528161895; 7.83116920502e-05; 
177.9191859467089; 2.46293675445e-05; 
178.3662190772282; 0.000101146142697; 
178.8132522077476; 0.000242275185883; 
179.260285338267; 0.00122810225002; 
179.7073184687864; 0.00835697259754; 
180.1543515993057; 0.00964007060975; 
180.6013847298251; 0.00239903130569; 
181.0484178603445; 0.000330565031618; 
181.4954509908638; 0.00011232442921; 
181.9424841213832; 2.17792367039e-05; 
182.3895172519026; 6.54282412142e-05; 
182.8365503824219; 3.27842935803e-05; 
183.2835835129413; 5.20394969499e-05; 
183.7306166434607; 0.000112785404781; 
184.1776497739801; 0.000120005315694; 
184.6246829044994; 6.01878055022e-05; 
185.0717160350188; 4.17729424953e-05; 
185.5187491655382; 4.02582809329e-05; 
185.9657822960575; 1.87278328667e-05; 
186.4128154265769; 1.01848381746e-05; 
186.8598485570963; 7.20666321286e-06; 
187.3068816876156; 2.72649867838e-05; 
187.753914818135; 4.16310031142e-05; 
188.2009479486544; 1.43011966429e-05; 
188.6479810791737; 4.79941627418e-05; 
189.0950142096931; 6.06052053627e-05; 
189.5420473402125; 2.43663780566e-05; 
189.9890804707318; 2.05192441172e-06; 
190.4361136012512; 7.03917539795e-05; 
190.8831467317706; 0.000121082062833; 
191.33017986229; 5.23658418388e-05; 
191.7772129928093; 4.88510049763e-05; 
192.2242461233287; 4.25640610047e-05; 
192.6712792538481; 3.24688189721e-05; 
193.1183123843674; 6.60847363179e-05; 
193.5653455148868; 3.34904216288e-05; 
194.0123786454062; 5.79882871534e-05; 
194.4594117759255; 7.08347070031e-05; 
194.9064449064449; 5.96181525907e-05; 
195.3534780369643; 2.8743821531e-05; 
195.8005111674836; 4.03679659939e-05; 
196.247544298003; 6.70254594297e-05; 
196.6945774285224; 7.50258186599e-05; 
197.1416105590417; 8.39460699353e-05; 
197.5886436895611; 7.74436484789e-05; 
198.0356768200805; 6.97627256159e-05; 
198.4827099505999; 7.55220607971e-05; 
198.9297430811192; 9.64530991041e-05; 
199.3767762116386; 0.000102578356746; 
199.823809342158; 7.78186367825e-05; 
200.2708424726773; 4.63910400867e-05; 
200.7178756031967; 1.65023229783e-05; 
201.1649087337161; 9.92433797364e-06; 
201.6119418642354; 8.39363747218e-06; 
202.0589749947548; 2.72718734777e-05; 
202.5060081252742; 3.67844731954e-05; 
202.9530412557936; 6.2151470047e-05; 
203.4000743863129; 7.95505475253e-05; 
203.8471075168323; 3.25629516738e-05; 
204.2941406473517; 5.49068499822e-05; 
204.741173777871; 4.27979211963e-05; 
205.1882069083904; 2.23668357648e-05; 
205.6352400389098; 4.27081686212e-05; 
206.0822731694291; 3.04078221234e-05; 
206.5293062999485; 1.1888330846e-05; 
206.9763394304679; 4.28156999988e-05; 
207.4233725609872; 1.48841454575e-05; 
207.8704056915066; 2.26358297368e-05; 
208.317438822026; 1.72088912223e-05; 
208.7644719525453; 6.02621257713e-05; 
209.2115050830647; 2.43216272793e-05; 
209.6585382135841; 3.54429685103e-05; 
210.1055713441035; 4.41285919806e-05; 
210.5526044746228; 8.88316426426e-05; 
210.9996376051422; 8.21998692118e-05; 
211.4466707356616; 2.56541534327e-05; 
211.8937038661809; 2.08520104934e-05; 
212.3407369967003; 8.3047838416e-05; 
212.7877701272197; 7.03819750925e-05; 
213.234803257739; 1.15176089821e-05; 
213.6818363882584; 2.97466049233e-05; 
214.1288695187778; 3.37817473337e-05; 
214.5759026492971; 7.88517991168e-06; 
215.0229357798165; 4.12345980294e-05; 
215.4699689103359; 6.27917252132e-05; 
215.9170020408552; 7.58859096095e-05; 
216.3640351713746; 1.80721726792e-05; 
216.811068301894; 8.77089623827e-05; 
217.2581014324134; 5.92821452301e-05; 
217.7051345629327; 3.74922346964e-05; 
218.1521676934521; 6.27424160484e-05; 
218.5992008239715; 2.67088489636e-05; 
219.0462339544908; 9.28134977585e-05; 
219.4932670850102; 0.000170246057678; 
219.9403002155296; 0.000163733784575; 
220.3873333460489; 6.24385793344e-05; 
220.8343664765683; 6.38916244498e-05; 
221.2813996070877; 4.77502326248e-05; 
221.7284327376071; 3.18511702062e-05; 
222.1754658681264; 5.18514752912e-05; 
222.6224989986458; 4.16208567913e-05; 
223.0695321291652; 5.50310178369e-05; 
223.5165652596845; 2.2469124815e-05; 
223.9635983902039; 2.0009050786e-05; 
224.4106315207233; 1.78170030267e-05; 
224.8576646512426; 3.88679472962e-05; 
225.304697781762; 1.12580955829e-05; 
225.7517309122814; 6.62531383568e-05; 
226.1987640428007; 4.56735433545e-05; 
226.6457971733201; 3.30371658492e-05; 
227.0928303038395; 2.52398021985e-05; 
227.5398634343588; 3.17166413879e-05; 
227.9868965648782; 4.69447440992e-05; 
228.4339296953976; 0.000105143917608; 
228.880962825917; 6.27601111773e-05; 
229.3279959564363; 6.5972621087e-05; 
229.7750290869557; 1.84875098057e-05; 
230.2220622174751; 5.17456064699e-05; 
230.6690953479944; 2.02746050491e-05; 
231.1161284785138; 2.37831409322e-05; 
231.5631616090332; 6.8143424869e-05; 
232.0101947395525; 0.000102999671071; 
232.4572278700719; 4.47256898042e-05; 
232.9042610005913; 2.47779098572e-05; 
233.3512941311106; 5.28723612661e-05; 
233.79832726163; 3.04773111566e-05; 
234.2453603921494; 7.10279637133e-05; 
234.6923935226687; 2.30862715398e-05; 
235.1394266531881; 7.09633750375e-05; 
235.5864597837075; 5.33638740308e-05; 
236.0334929142269; 2.46625745604e-06; 
236.4805260447462; 3.83591686841e-05; 
236.9275591752656; 2.67043051281e-05; 
237.374592305785; 2.71475146292e-05; 
237.8216254363043; 6.58329954604e-05; 
238.2686585668237; 0.000118631120131; 
238.7156916973431; 0.000103207596112; 
239.1627248278624; 1.43495526572e-05; 
239.6097579583818; 0.000220776491915; 
240.0567910889012; 0.000346171989804; 
240.5038242194206; 0.000163977165357; 
240.9508573499399; 4.13432499045e-05; 
241.3978904804593; 2.55008726526e-05; 
241.8449236109787; 2.85121586785e-05; 
242.291956741498; 5.25279065187e-05; 
242.7389898720174; 4.99916495755e-05; 
243.1860230025368; 4.18680356233e-05; 
243.6330561330561; 3.94561466237e-05; 
244.0800892635755; 5.80653686484e-05; 
244.5271223940949; 5.66163216718e-05; 
244.9741555246142; 4.70283266623e-05; 
245.4211886551336; 3.71414607798e-05; 
245.868221785653; 5.32299054612e-05; 
246.3152549161723; 5.99680097366e-05; 
246.7622880466917; 3.11557632813e-05; 
247.2093211772111; 2.05839223781e-05; 
247.6563543077305; 1.4869377992e-05; 
248.1033874382498; 3.92069232475e-05; 
248.5504205687692; 4.06034923799e-05; 
248.9974536992886; 6.85271734255e-05; 
249.4444868298079; 4.06259168813e-05; 
249.8915199603273; 2.45545270445e-05; 
250.3385530908467; 0.000100662393379; 
250.785586221366; 8.51870718179e-05; 
251.2326193518854; 3.55153497367e-05; 
251.6796524824048; 2.74821595667e-05; 
252.1266856129241; 4.67744393973e-05; 
252.5737187434435; 3.62268947356e-05; 
253.0207518739629; 4.95747081004e-05; 
253.4677850044822; 7.48906386434e-05; 
253.9148181350016; 3.87148938898e-05; 
254.361851265521; 7.14189491191e-06; 
254.8088843960404; 5.23065245943e-05; 
255.2559175265597; 5.9168010921e-05; 
255.7029506570791; 4.06172621297e-05; 
256.1499837875984; 1.91086892301e-05; 
256.5970169181178; 4.69680016977e-05; 
257.0440500486372; 8.27190669952e-05; 
257.4910831791566; 9.08461443032e-05; 
257.9381163096759; 7.0098467404e-05; 
258.3851494401953; 3.26529479935e-05; 
258.8321825707147; 3.91525099985e-05; 
259.279215701234; 2.43266222242e-05; 
259.7262488317534; 3.43451029039e-05; 
260.1732819622728; 2.39425025939e-05; 
260.6203150927922; 1.32967315949e-05; 
261.0673482233115; 6.70925801387e-05; 
261.5143813538309; 9.40547106438e-05; 
261.9614144843503; 9.08147849259e-05; 
262.4084476148697; 5.48527605133e-05; 
262.855480745389; 5.32379490323e-05; 
263.3025138759083; 3.72232570953e-05; 
263.7495470064277; 6.44710089546e-05; 
264.1965801369471; 0.000101691373857; 
264.6436132674665; 2.93689136015e-05; 
265.0906463979858; 2.34775816352e-05; 
265.5376795285052; 1.8491238734e-05; 
265.9847126590246; 6.41503938823e-05; 
266.4317457895439; 0.000143827914144; 
266.8787789200633; 0.000125753402244; 
267.3258120505827; 6.20786595391e-05; 
267.7728451811021; 5.00636924698e-05; 
268.2198783116214; 7.00286400388e-05; 
268.6669114421408; 8.17246909719e-05; 
269.1139445726602; 5.3715051763e-05; 
269.5609777031796; 8.024496492e-05; 
270.0080108336989; 2.49020995398e-05; 
270.4550439642182; 5.95368292124e-05; 
270.9020770947376; 3.35799741151e-05; 
271.349110225257; 3.12998563459e-05; 
271.7961433557764; 4.51022169727e-05; 
272.2431764862957; 5.19286550116e-05; 
272.6902096168151; 4.56489324279e-05; 
273.1372427473345; 5.66272537981e-05; 
273.5842758778539; 7.59320828365e-05; 
274.0313090083732; 4.19550524384e-05; 
274.4783421388926; 2.53774578596e-05; 
274.925375269412; 4.86435819766e-05; 
275.3724083999313; 2.24993054871e-05; 
275.8194415304507; 3.64264160453e-05; 
276.2664746609701; 5.63412504562e-05; 
276.7135077914895; 2.08736128116e-05; 
277.1605409220088; 4.2736181058e-05; 
277.6075740525282; 2.47934694926e-05; 
278.0546071830476; 3.24569045915e-05; 
278.5016403135669; 6.95471462677e-05; 
278.9486734440863; 6.09318558418e-05; 
279.3957065746056; 8.43346570036e-05; 
279.842739705125; 9.67454179772e-05; 
280.2897728356444; 5.70296651858e-05; 
280.7368059661638; 3.32753334078e-05; 
281.1838390966831; 2.97442784358e-05; 
281.6308722272025; 3.23928761645e-05; 
282.0779053577219; 7.17411239748e-05; 
282.5249384882412; 3.59396035492e-05; 
282.9719716187606; 3.70541711163e-05; 
283.41900474928; 4.12390836573e-05; 
283.8660378797994; 4.54855362477e-05; 
284.3130710103187; 0.000102458383481; 
284.7601041408381; 5.4504685977e-05; 
285.2071372713575; 4.98083936691e-05; 
285.6541704018768; 5.71502823732e-05; 
286.1012035323962; 4.42358250439e-05; 
286.5482366629155; 5.43168280274e-05; 
286.9952697934349; 1.42092858368e-05; 
287.4423029239543; 2.06998538488e-05; 
287.8893360544737; 2.62992598437e-05; 
288.336369184993; 5.11941325385e-05; 
288.7834023155124; 6.27777917543e-05; 
289.2304354460318; 4.49778199254e-05; 
289.6774685765511; 3.01648724417e-05; 
290.1245017070705; 2.81504544546e-05; 
290.5715348375899; 6.37660778011e-05; 
291.0185679681093; 5.88974326092e-05; 
291.4656010986286; 6.0123475123e-05; 
291.912634229148; 4.04438906116e-05; 
292.3596673596674; 5.27022784809e-05; 
292.8067004901867; 5.98010556132e-05; 
293.2537336207061; 4.72878382425e-05; 
293.7007667512254; 3.90742461605e-05; 
294.1477998817448; 6.16965771769e-05; 
294.5948330122642; 3.93696245737e-05; 
295.0418661427836; 7.0463589509e-05; 
295.4888992733029; 7.88898323663e-05; 
295.9359324038223; 0.000113247617264; 
296.3829655343417; 0.000112556917884; 
296.829998664861; 5.43060232303e-05; 
297.2770317953804; 3.37105848303e-05; 
297.7240649258998; 7.09430025836e-07; 
298.1710980564192; 3.85645216738e-05; 
298.6181311869385; 4.11921937484e-05; 
299.0651643174579; 6.65838088025e-05; 
299.5121974479773; 0.000967001600657; 
299.9592305784967; 0.0019680573605; 
300.406263709016; 0.000953223730903; 
300.8532968395353; 4.7705390898e-05; 
301.3003299700547; 4.21036420448e-05; 
301.7473631005741; 2.27476393775e-05; 
302.1943962310935; 8.24264861876e-06; 
302.6414293616128; 1.19156411529e-05; 
303.0884624921322; 3.02780736092e-05; 
303.5354956226516; 4.62198877358e-05; 
303.9825287531709; 8.54519021232e-05; 
304.4295618836903; 1.77384044946e-05; 
304.8765950142097; 6.22413790552e-05; 
305.3236281447291; 6.91917521181e-05; 
305.7706612752484; 2.80653894151e-05; 
306.2176944057678; 1.46513602886e-05; 
306.6647275362872; 1.20956046885e-05; 
307.1117606668066; 4.22470584454e-05; 
307.5587937973259; 9.50289759203e-05; 
308.0058269278452; 8.77026832313e-05; 
308.4528600583646; 8.60451254994e-05; 
308.899893188884; 4.60912560811e-05; 
309.3469263194034; 5.89310075156e-05; 
309.7939594499227; 5.07467229909e-05; 
310.2409925804421; 4.35594884038e-05; 
310.6880257109615; 7.55710207159e-05; 
311.1350588414809; 3.01867130474e-05; 
311.5820919720002; 6.34907337371e-05; 
312.0291251025196; 6.83653488522e-05; 
312.476158233039; 5.20922767464e-05; 
312.9231913635583; 2.04503139685e-05; 
313.3702244940777; 8.02538270364e-05; 
313.8172576245971; 6.24668537057e-05; 
314.2642907551165; 9.1790661827e-06; 
314.7113238856358; 1.95204884221e-05; 
315.1583570161552; 2.28323351621e-05; 
315.6053901466746; 2.60976012214e-05; 
316.0524232771939; 2.71981625701e-05; 
316.4994564077133; 1.29903392008e-05; 
316.9464895382326; 8.55472535477e-06; 
317.393522668752; 2.61674431385e-05; 
317.8405557992714; 7.66539014876e-05; 
318.2875889297908; 4.77490430058e-05; 
318.7346220603101; 3.51200833393e-05; 
319.1816551908295; 3.88729131373e-05; 
319.6286883213489; 1.92860679817e-05; 
320.0757214518682; 8.10313285911e-05; 
320.5227545823876; 0.000121233359096; 
320.969787712907; 9.04580447241e-05; 
321.4168208434264; 7.58605601732e-05; 
321.8638539739457; 2.52989793808e-05; 
322.3108871044651; 0.000115676120913; 
322.7579202349845; 9.26972352318e-05; 
323.2049533655038; 4.37432681792e-05; 
323.6519864960232; 2.38543489104e-05; 
324.0990196265425; 6.14442978986e-05; 
324.5460527570619; 1.49348970808e-05; 
324.9930858875813; 6.56076299492e-05; 
325.4401190181007; 7.81086637289e-05; 
