% Module: Scope, ID: c0p1t6p1cfm0
% Device: DEV7225
% Time: 2026/04/06 21:21:22
% Wave Channel 1, /dev7225/scopes/0/wave.0BWN
% Wave Channel 2, /dev7225/scopes/0/wave.1BWN
% Frequency (Hz); Wave Channel 1  Spectral Density (V/√Hz); Wave Channel 2  Spectral Density (√Hz)
0; 2.24870300293; 
0.447033130519369; 1.5908716917; 
0.8940662610387381; 0.0101007930934; 
1.341099391558107; 0.00262648006901; 
1.788132522077476; 0.00109334883746; 
2.235165652596845; 0.000565392838325; 
2.682198783116214; 0.000247589079663; 
3.129231913635584; 0.000152321139467; 
3.576265044154952; 0.00016372546088; 
4.023298174674322; 0.000157437578309; 
4.470331305193691; 5.91089228692e-05; 
4.917364435713059; 0.000130345491925; 
5.364397566232428; 0.000161601448781; 
5.811430696751797; 0.000138432049425; 
6.258463827271167; 7.62899653637e-05; 
6.705496957790536; 5.83819892199e-05; 
7.152530088309905; 6.66328342049e-05; 
7.599563218829274; 9.08531073947e-05; 
8.046596349348643; 8.22708534542e-05; 
8.493629479868012; 3.50864684151e-05; 
8.940662610387381; 4.72525134683e-05; 
9.38769574090675; 6.38911951683e-05; 
9.834728871426119; 0.000112491557957; 
10.28176200194549; 7.00352029526e-05; 
10.72879513246486; 3.58340803359e-05; 
11.17582826298423; 2.23406495934e-05; 
11.62286139350359; 9.05436536414e-06; 
12.06989452402297; 3.49818838004e-05; 
12.51692765454233; 8.39397398522e-05; 
12.9639607850617; 7.3776471254e-05; 
13.41099391558107; 0.000112430505396; 
13.85802704610044; 0.000138979317853; 
14.30506017661981; 0.000124619124108; 
14.75209330713918; 8.58610146679e-05; 
15.19912643765855; 8.55784965097e-05; 
15.64615956817792; 7.95843589003e-05; 
16.09319269869729; 7.28410159354e-05; 
16.54022582921666; 9.68300300883e-05; 
16.98725895973602; 0.000138447983772; 
17.43429209025539; 0.000130278785946; 
17.88132522077476; 8.71189040481e-05; 
18.32835835129413; 3.67298416677e-05; 
18.7753914818135; 2.39735854848e-05; 
19.22242461233287; 8.37176630739e-05; 
19.66945774285224; 7.13783883839e-05; 
20.11649087337161; 3.16558544e-05; 
20.56352400389098; 6.10355273238e-05; 
21.01055713441034; 4.0601240471e-05; 
21.45759026492971; 4.5531662181e-05; 
21.90462339544908; 7.50530525693e-05; 
22.35165652596845; 6.62847160129e-05; 
22.79868965648782; 3.53532159352e-05; 
23.24572278700719; 2.92505810648e-05; 
23.69275591752656; 4.62559728476e-05; 
24.13978904804593; 2.83337667497e-05; 
24.5868221785653; 6.74639813951e-05; 
25.03385530908467; 2.8135113098e-05; 
25.48088843960404; 2.21578866331e-05; 
25.92792157012341; 5.3274219681e-05; 
26.37495470064277; 3.5583449062e-05; 
26.82198783116214; 2.57525825873e-05; 
27.26902096168151; 3.79458178941e-05; 
27.71605409220088; 8.84569017217e-05; 
28.16308722272025; 2.18994864554e-05; 
28.61012035323962; 8.81083324202e-05; 
29.05715348375899; 7.90069680079e-05; 
29.50418661427836; 3.99215641664e-05; 
29.95121974479773; 9.57030060817e-05; 
30.39825287531709; 0.000106427134597; 
30.84528600583646; 0.000104642414954; 
31.29231913635583; 9.94599613477e-05; 
31.7393522668752; 0.000122070574434; 
32.18638539739457; 7.88836478023e-05; 
32.63341852791394; 5.81189669902e-05; 
33.08045165843331; 6.46850967314e-05; 
33.52748478895268; 3.99099517381e-05; 
33.97451791947205; 3.41522718372e-05; 
34.42155104999141; 3.45858425135e-05; 
34.86858418051079; 5.38999993296e-05; 
35.31561731103015; 5.74616642552e-05; 
35.76265044154952; 6.58528806525e-05; 
36.20968357206889; 0.000102672958747; 
36.65671670258826; 5.26041294506e-05; 
37.10374983310763; 5.49323049199e-05; 
37.550782963627; 2.53599519056e-05; 
37.99781609414637; 5.75591584493e-05; 
38.44484922466574; 4.18185118178e-05; 
38.89188235518511; 5.82049724471e-05; 
39.33891548570448; 4.554487532e-05; 
39.78594861622385; 3.65621126548e-05; 
40.23298174674321; 8.89761795406e-05; 
40.68001487726259; 4.89771227876e-05; 
41.12704800778195; 0.000151626460138; 
41.57408113830132; 0.000125270351418; 
42.02111426882069; 6.08496920904e-05; 
42.46814739934006; 3.4013435652e-05; 
42.91518052985943; 1.47612181536e-05; 
43.3622136603788; 3.29959257215e-05; 
43.80924679089816; 8.00222042017e-05; 
44.25627992141754; 5.51536504645e-05; 
44.7033130519369; 5.70246957068e-05; 
45.15034618245627; 5.08046177856e-05; 
45.59737931297564; 8.67986309459e-05; 
46.04441244349501; 5.57708663109e-05; 
46.49144557401438; 2.46474428423e-05; 
46.93847870453375; 2.61362711171e-05; 
47.38551183505312; 1.72746567841e-05; 
47.83254496557249; 7.52397609176e-05; 
48.27957809609186; 3.77308315365e-05; 
48.72661122661123; 4.18189119955e-05; 
49.1736443571306; 4.62665921077e-05; 
49.62067748764996; 9.57047996053e-06; 
50.06771061816934; 5.37645464647e-05; 
50.5147437486887; 6.25593529548e-05; 
50.96177687920807; 2.0503783162e-05; 
51.40881000972744; 3.34886572091e-05; 
51.85584314024681; 4.43386124971e-05; 
52.30287627076618; 8.39125204948e-05; 
52.74990940128555; 5.54005637241e-05; 
53.19694253180491; 0.00010422662308; 
53.64397566232429; 0.000147254031617; 
54.09100879284365; 9.51259207795e-05; 
54.53804192336302; 1.53738674271e-05; 
54.98507505388239; 6.13155643805e-05; 
55.43210818440176; 3.7611091102e-05; 
55.87914131492113; 2.11493534152e-05; 
56.3261744454405; 7.81428825576e-05; 
56.77320757595987; 9.09713853616e-05; 
57.22024070647924; 9.31778049562e-05; 
57.66727383699861; 7.45429933886e-05; 
58.11430696751798; 1.16510464068e-05; 
58.56134009803735; 5.65721456951e-05; 
59.00837322855671; 1.91743638425e-05; 
59.45540635907609; 0.00035598987597; 
59.90243948959545; 0.000651417882182; 
60.34947262011482; 0.00038003269583; 
60.79650575063419; 7.66065568314e-05; 
61.24353888115356; 9.49897294049e-05; 
61.69057201167293; 6.51917944197e-05; 
62.1376051421923; 6.990723341e-05; 
62.58463827271166; 8.40944849188e-05; 
63.03167140323104; 9.79788965196e-05; 
63.4787045337504; 7.55052824388e-05; 
63.92573766426977; 0.00018336699577; 
64.37277079478915; 0.000140416887007; 
64.81980392530851; 3.36162520398e-05; 
65.26683705582788; 2.64330610662e-05; 
65.71387018634725; 8.41634937387e-06; 
66.16090331686662; 8.83365646587e-05; 
66.60793644738598; 0.000145052879816; 
67.05496957790535; 0.000105528073618; 
67.50200270842473; 5.03560841025e-05; 
67.9490358389441; 3.67919674318e-05; 
68.39606896946347; 7.93329163571e-05; 
68.84310209998283; 0.000132504967041; 
69.2901352305022; 0.000112338719191; 
69.73716836102157; 0.000107445048343; 
70.18420149154095; 0.000133008405101; 
70.6312346220603; 0.000166838712175; 
71.07826775257968; 0.000117258547107; 
71.52530088309905; 5.14195380674e-05; 
71.97233401361842; 6.34095849819e-05; 
72.41936714413778; 5.7154775277e-05; 
72.86640027465715; 5.82007232879e-05; 
73.31343340517653; 1.35735972435e-05; 
73.7604665356959; 4.55375811725e-05; 
74.20749966621526; 1.84109885595e-05; 
74.65453279673463; 7.64207507018e-05; 
75.101565927254; 0.000120927274111; 
75.54859905777337; 0.000143090030178; 
75.99563218829273; 0.000105489190901; 
76.4426653188121; 6.73829999869e-05; 
76.88969844933148; 0.000121351331472; 
77.33673157985085; 9.23565166886e-05; 
77.78376471037022; 2.36490286625e-05; 
78.23079784088958; 1.65149704117e-05; 
78.67783097140895; 4.54061009805e-05; 
79.12486410192832; 9.04341504793e-05; 
79.5718972324477; 9.45283609326e-05; 
80.01893036296705; 3.82504767913e-05; 
80.46596349348643; 2.43094546022e-05; 
80.9129966240058; 2.00133908947e-05; 
81.36002975452517; 2.87276907329e-05; 
81.80706288504453; 2.67667928711e-05; 
82.2540960155639; 2.9308053854e-05; 
82.70112914608328; 2.59510379692e-05; 
83.14816227660265; 3.01246946037e-05; 
83.59519540712201; 5.49487631361e-05; 
84.04222853764138; 8.39706481202e-05; 
84.48926166816075; 9.22676117625e-05; 
84.93629479868012; 7.43565979064e-05; 
85.38332792919948; 8.50871801958e-05; 
85.83036105971885; 0.000108169006126; 
86.27739419023823; 4.70734521514e-05; 
86.7244273207576; 6.40584839857e-05; 
87.17146045127697; 6.35613614577e-05; 
87.61849358179633; 4.3921490942e-06; 
88.0655267123157; 3.22892519762e-05; 
88.51255984283507; 6.44167303108e-05; 
88.95959297335445; 5.40187465958e-05; 
89.4066261038738; 5.25731156813e-05; 
89.85365923439318; 8.56535189087e-05; 
90.30069236491255; 4.92472318001e-05; 
90.74772549543192; 4.23441451858e-05; 
91.19475862595128; 5.18705091963e-05; 
91.64179175647065; 1.37777333293e-05; 
92.08882488699003; 1.50194809976e-05; 
92.5358580175094; 3.36257726303e-05; 
92.98289114802876; 3.17829035339e-05; 
93.42992427854813; 4.4845022785e-05; 
93.8769574090675; 1.90448772628e-05; 
94.32399053958687; 9.75904458755e-06; 
94.77102367010623; 5.53861173103e-05; 
95.2180568006256; 8.92742100405e-05; 
95.66508993114498; 7.81583075877e-05; 
96.11212306166435; 1.06550714918e-05; 
96.55915619218372; 5.5060001614e-05; 
97.00618932270308; 3.35228760378e-05; 
97.45322245322245; 2.57245992543e-05; 
97.90025558374182; 8.9708246378e-06; 
98.3472887142612; 0.000103760459751; 
98.79432184478055; 0.000152823777171; 
99.24135497529993; 0.00012219742348; 
99.6883881058193; 5.00102942169e-05; 
100.1354212363387; 6.33459931123e-05; 
100.582454366858; 1.66026966326e-05; 
101.0294874973774; 2.32908278122e-05; 
101.4765206278968; 2.42366859311e-05; 
101.9235537584161; 6.49520006846e-05; 
102.3705868889355; 7.07594517735e-05; 
102.8176200194549; 4.1902087105e-05; 
103.2646531499743; 6.72246314934e-05; 
103.7116862804936; 7.48274469515e-05; 
104.158719411013; 8.04939700174e-05; 
104.6057525415324; 8.54278332554e-05; 
105.0527856720517; 7.54593856982e-05; 
105.4998188025711; 4.29809551861e-05; 
105.9468519330905; 1.63411241374e-05; 
106.3938850636098; 5.87564682064e-05; 
106.8409181941292; 3.87039253837e-05; 
107.2879513246486; 2.66450806521e-05; 
107.7349844551679; 2.63781948888e-05; 
108.1820175856873; 9.26651919144e-05; 
108.6290507162067; 9.77681556833e-05; 
109.076083846726; 7.39446477382e-05; 
109.5231169772454; 3.18379097735e-05; 
109.9701501077648; 8.24810631457e-05; 
110.4171832382842; 8.10996716609e-05; 
110.8642163688035; 6.70411100145e-05; 
111.3112494993229; 3.11204930767e-05; 
111.7582826298423; 2.23412680498e-05; 
112.2053157603616; 4.10359934904e-05; 
112.652348890881; 5.01665745105e-05; 
113.0993820214004; 3.46651140717e-05; 
113.5464151519197; 7.50402541598e-05; 
113.9934482824391; 6.77099815221e-05; 
114.4404814129585; 5.33224283572e-06; 
114.8875145434778; 7.13854678907e-05; 
115.3345476739972; 2.40657209361e-05; 
115.7815808045166; 7.97684042482e-05; 
116.228613935036; 7.99440022092e-05; 
116.6756470655553; 4.57717651443e-05; 
117.1226801960747; 3.72224203602e-05; 
117.5697133265941; 9.06599452719e-05; 
118.0167464571134; 8.75378318597e-05; 
118.4637795876328; 2.87672501145e-05; 
118.9108127181522; 3.50169175363e-05; 
119.3578458486715; 5.82412612857e-05; 
119.8048789791909; 3.39747821272e-05; 
120.2519121097103; 6.84413462295e-05; 
120.6989452402296; 4.65131488454e-05; 
121.145978370749; 7.72809726186e-05; 
121.5930115012684; 5.87019130762e-05; 
122.0400446317878; 4.0175524191e-05; 
122.4870777623071; 4.12286717619e-05; 
122.9341108928265; 9.27829387365e-05; 
123.3811440233459; 0.000103499129182; 
123.8281771538652; 5.56415361643e-05; 
124.2752102843846; 2.54473870882e-05; 
124.722243414904; 7.29579551262e-05; 
125.1692765454233; 3.20518483932e-05; 
125.6163096759427; 3.22375744872e-05; 
126.0633428064621; 3.73584371118e-05; 
126.5103759369814; 6.64859035169e-05; 
126.9574090675008; 0.000109801556391; 
127.4044421980202; 8.42274675961e-06; 
127.8514753285395; 0.000184170872672; 
128.2985084590589; 0.000184502394404; 
128.7455415895783; 5.13575214427e-05; 
129.1925747200977; 6.38954879832e-05; 
129.639607850617; 5.53357167519e-05; 
130.0866409811364; 3.89761698898e-05; 
130.5336741116558; 5.71089731238e-05; 
130.9807072421751; 9.14464908419e-05; 
131.4277403726945; 6.23174782959e-05; 
131.8747735032139; 3.19692662742e-05; 
132.3218066337332; 4.02650257456e-05; 
132.7688397642526; 5.48379211978e-05; 
133.215872894772; 3.41303639289e-05; 
133.6629060252913; 5.02695074829e-05; 
134.1099391558107; 6.40332364128e-05; 
134.5569722863301; 3.72178437829e-05; 
135.0040054168495; 2.02124210773e-05; 
135.4510385473688; 5.35057515663e-05; 
135.8980716778882; 4.45384976047e-05; 
136.3451048084076; 2.59943608398e-05; 
136.7921379389269; 3.92727160943e-05; 
137.2391710694463; 7.26755315554e-05; 
137.6862041999657; 5.17421940458e-05; 
138.133237330485; 5.24373281223e-05; 
138.5802704610044; 2.72682827926e-05; 
139.0273035915238; 4.47288366558e-05; 
139.4743367220431; 0.000120949254779; 
139.9213698525625; 0.000101943413028; 
140.3684029830819; 3.35386575898e-05; 
140.8154361136012; 6.28278357908e-05; 
141.2624692441206; 9.49422174017e-05; 
141.70950237464; 4.68040889245e-05; 
142.1565355051594; 6.41803708277e-05; 
142.6035686356787; 5.18183333043e-05; 
143.0506017661981; 2.84400848614e-05; 
143.4976348967175; 2.46918116318e-05; 
143.9446680272368; 7.09876403562e-05; 
144.3917011577562; 6.18561243755e-05; 
144.8387342882756; 2.62986941379e-05; 
145.2857674187949; 3.91575085814e-05; 
145.7328005493143; 3.44818545273e-05; 
146.1798336798337; 2.83804583887e-05; 
146.6268668103531; 6.44023821224e-05; 
147.0738999408724; 4.65589146188e-05; 
147.5209330713918; 2.75477286777e-05; 
147.9679662019112; 3.36558587151e-05; 
148.4149993324305; 4.53718639619e-05; 
148.8620324629499; 6.85286286171e-05; 
149.3090655934693; 3.10146715492e-05; 
149.7560987239886; 2.77973158518e-05; 
150.203131854508; 1.41538757816e-05; 
150.6501649850274; 4.60219816887e-05; 
151.0971981155467; 5.09058409079e-05; 
151.5442312460661; 4.72529536637e-05; 
151.9912643765855; 4.92389299325e-05; 
152.4382975071048; 6.16849647486e-05; 
152.8853306376242; 5.6954628235e-05; 
153.3323637681436; 4.94348569191e-05; 
153.779396898663; 2.65908947767e-05; 
154.2264300291823; 1.08816921056e-05; 
154.6734631597017; 1.59943501785e-05; 
155.1204962902211; 7.3064766184e-05; 
155.5675294207404; 9.28635199671e-05; 
156.0145625512598; 5.25064642716e-05; 
156.4615956817792; 5.00644055137e-05; 
156.9086288122985; 8.27101903269e-05; 
157.3556619428179; 5.61507840757e-05; 
157.8026950733373; 3.00121282635e-05; 
158.2497282038566; 2.67512205028e-05; 
158.696761334376; 3.74841583834e-05; 
159.1437944648954; 7.0440240961e-05; 
159.5908275954147; 7.22820986994e-05; 
160.0378607259341; 3.5746172216e-05; 
160.4848938564535; 3.83215701731e-05; 
160.9319269869729; 9.50177927734e-05; 
161.3789601174922; 7.52414634917e-05; 
161.8259932480116; 2.23044244194e-05; 
162.273026378531; 5.75266540181e-06; 
162.7200595090503; 8.66105347086e-06; 
163.1670926395697; 7.17425355106e-05; 
163.6141257700891; 0.000107659594505; 
164.0611589006084; 4.11115688621e-05; 
164.5081920311278; 6.52738599456e-05; 
164.9552251616472; 0.000101497564174; 
165.4022582921666; 8.52103912621e-05; 
165.8492914226859; 4.02150544687e-05; 
166.2963245532053; 2.72400357062e-05; 
166.7433576837247; 3.33550669893e-05; 
167.190390814244; 4.33061395597e-05; 
167.6374239447634; 6.77057250869e-05; 
168.0844570752828; 9.89927939372e-05; 
168.5314902058021; 6.54336909065e-05; 
168.9785233363215; 1.45506273839e-05; 
169.4255564668409; 1.42126618812e-05; 
169.8725895973602; 4.76119821542e-05; 
170.3196227278796; 4.93163897772e-05; 
170.766655858399; 4.21802469646e-05; 
171.2136889889183; 5.32037520315e-05; 
171.6607221194377; 8.15749081085e-05; 
172.1077552499571; 8.49845382618e-05; 
172.5547883804765; 4.56852576463e-05; 
173.0018215109958; 1.30137568704e-05; 
173.4488546415152; 2.00983340619e-05; 
173.8958877720346; 4.97750588693e-05; 
174.3429209025539; 7.78977482696e-05; 
174.7899540330733; 3.72038739442e-05; 
175.2369871635927; 7.27377164367e-06; 
175.684020294112; 4.59661096102e-05; 
176.1310534246314; 9.85132573987e-05; 
176.5780865551508; 4.20594114985e-05; 
177.0251196856701; 2.82372984657e-05; 
177.4721528161895; 5.71318778384e-05; 
177.9191859467089; 4.22998491558e-05; 
178.3662190772282; 2.18820187001e-05; 
178.8132522077476; 6.66136984364e-05; 
179.260285338267; 0.000101873294625; 
179.7073184687864; 0.00052300747484; 
180.1543515993057; 0.000447121827165; 
180.6013847298251; 8.31175493659e-05; 
181.0484178603445; 5.03254814248e-05; 
181.4954509908638; 4.35938345618e-05; 
181.9424841213832; 5.6779012084e-05; 
182.3895172519026; 9.44409548538e-05; 
182.8365503824219; 3.81792597182e-05; 
183.2835835129413; 3.58082652383e-05; 
183.7306166434607; 7.32837143005e-05; 
184.1776497739801; 7.8952361946e-05; 
184.6246829044994; 8.32518198877e-05; 
185.0717160350188; 0.000102943100501; 
185.5187491655382; 0.000146943799336; 
185.9657822960575; 0.000141606549732; 
186.4128154265769; 0.000111217181257; 
186.8598485570963; 9.43698978517e-05; 
187.3068816876156; 8.35284372442e-05; 
187.753914818135; 3.58292309102e-05; 
188.2009479486544; 1.19405940495e-05; 
188.6479810791737; 1.58871116582e-05; 
189.0950142096931; 5.23145718034e-05; 
189.5420473402125; 8.31790166558e-05; 
189.9890804707318; 6.56171978335e-05; 
190.4361136012512; 4.95324529766e-05; 
190.8831467317706; 4.08683154092e-05; 
191.33017986229; 9.60926408879e-05; 
191.7772129928093; 7.7584736573e-05; 
192.2242461233287; 2.73245623248e-05; 
192.6712792538481; 9.19077428989e-05; 
193.1183123843674; 7.04132835381e-05; 
193.5653455148868; 4.63373144157e-05; 
194.0123786454062; 1.19032465591e-05; 
194.4594117759255; 4.62162206532e-05; 
194.9064449064449; 5.36217703484e-05; 
195.3534780369643; 4.18956078647e-05; 
195.8005111674836; 1.76365028892e-05; 
196.247544298003; 3.79130106012e-05; 
196.6945774285224; 1.40272804856e-05; 
197.1416105590417; 4.3758067477e-05; 
197.5886436895611; 4.37971502834e-05; 
198.0356768200805; 1.14896338346e-05; 
198.4827099505999; 1.42087865243e-05; 
198.9297430811192; 7.49156533857e-05; 
199.3767762116386; 9.57899683272e-05; 
199.823809342158; 5.33902893949e-05; 
200.2708424726773; 2.43253653025e-05; 
200.7178756031967; 1.82170006156e-05; 
201.1649087337161; 4.20352007495e-05; 
201.6119418642354; 5.47861272935e-05; 
202.0589749947548; 6.10106180829e-05; 
202.5060081252742; 8.23578811833e-05; 
202.9530412557936; 3.39886391885e-05; 
203.4000743863129; 6.68620195938e-05; 
203.8471075168323; 0.000101229874417; 
204.2941406473517; 7.53440908738e-05; 
204.741173777871; 2.78868210444e-05; 
205.1882069083904; 8.23732843855e-05; 
205.6352400389098; 8.98393045645e-05; 
206.0822731694291; 4.05730497732e-05; 
206.5293062999485; 7.32492335374e-05; 
206.9763394304679; 5.53719764866e-05; 
207.4233725609872; 6.51211375953e-05; 
207.8704056915066; 7.68560712459e-05; 
208.317438822026; 7.58067908464e-05; 
208.7644719525453; 6.663093518e-05; 
209.2115050830647; 3.29338836309e-05; 
209.6585382135841; 3.83201913792e-05; 
210.1055713441035; 2.51177953032e-05; 
210.5526044746228; 4.94531232107e-05; 
210.9996376051422; 7.89355472079e-05; 
211.4466707356616; 6.44318060949e-05; 
211.8937038661809; 4.70032064186e-05; 
212.3407369967003; 4.89215999551e-05; 
212.7877701272197; 5.89312148804e-05; 
213.234803257739; 2.39693708863e-05; 
213.6818363882584; 1.2953485566e-05; 
214.1288695187778; 1.54770295921e-05; 
214.5759026492971; 7.0207126555e-05; 
215.0229357798165; 0.000108383537736; 
215.4699689103359; 5.63023313589e-05; 
215.9170020408552; 6.85100312694e-05; 
216.3640351713746; 8.2511054643e-05; 
216.811068301894; 3.34579199261e-05; 
217.2581014324134; 4.41972406406e-05; 
217.7051345629327; 6.46850094199e-05; 
218.1521676934521; 4.57591813756e-05; 
218.5992008239715; 5.93350996496e-05; 
219.0462339544908; 4.3663661927e-05; 
219.4932670850102; 7.32042462914e-05; 
219.9403002155296; 5.52123565285e-05; 
220.3873333460489; 6.16476972937e-05; 
220.8343664765683; 7.24130077288e-05; 
221.2813996070877; 8.43115412863e-05; 
221.7284327376071; 6.21745057288e-05; 
222.1754658681264; 5.33369966433e-05; 
222.6224989986458; 0.000104382903373; 
223.0695321291652; 0.000117634430353; 
223.5165652596845; 6.48591303616e-05; 
223.9635983902039; 4.97473556607e-05; 
224.4106315207233; 5.99772465648e-05; 
224.8576646512426; 0.000106457970105; 
225.304697781762; 0.000108988606371; 
225.7517309122814; 5.63563771721e-05; 
226.1987640428007; 6.79071745253e-05; 
226.6457971733201; 0.000110757035145; 
227.0928303038395; 8.78999344422e-05; 
227.5398634343588; 3.16325204039e-05; 
227.9868965648782; 2.3246398996e-05; 
228.4339296953976; 2.73349887721e-05; 
228.880962825917; 8.5690371634e-05; 
229.3279959564363; 4.08611522289e-05; 
229.7750290869557; 2.01358434424e-05; 
230.2220622174751; 5.92490978306e-05; 
230.6690953479944; 4.67121390102e-05; 
231.1161284785138; 3.41694321833e-05; 
231.5631616090332; 2.37787826336e-05; 
232.0101947395525; 3.52102069883e-05; 
232.4572278700719; 1.56685164256e-05; 
232.9042610005913; 3.48184621544e-05; 
233.3512941311106; 3.68720247934e-05; 
233.79832726163; 6.06617504673e-05; 
234.2453603921494; 6.68662905809e-05; 
234.6923935226687; 5.96916397626e-05; 
235.1394266531881; 6.35248579783e-05; 
235.5864597837075; 2.00031354325e-05; 
236.0334929142269; 6.6394903115e-05; 
236.4805260447462; 7.57059824537e-05; 
236.9275591752656; 4.37341950601e-05; 
237.374592305785; 5.06065916852e-05; 
237.8216254363043; 7.6983254985e-05; 
238.2686585668237; 6.51211157674e-05; 
238.7156916973431; 3.82669131795e-05; 
239.1627248278624; 4.75985107187e-05; 
239.6097579583818; 8.82408421603e-05; 
240.0567910889012; 6.89057633281e-05; 
240.5038242194206; 4.53994398413e-05; 
240.9508573499399; 5.87508147873e-05; 
241.3978904804593; 7.27000151528e-05; 
241.8449236109787; 3.16059558827e-05; 
242.291956741498; 3.29710564984e-05; 
242.7389898720174; 3.87127875001e-05; 
243.1860230025368; 3.11385119858e-05; 
243.6330561330561; 4.33230052295e-05; 
244.0800892635755; 7.09168962203e-05; 
244.5271223940949; 3.40764236171e-05; 
244.9741555246142; 4.673930016e-05; 
245.4211886551336; 2.68542262347e-05; 
245.868221785653; 2.31741378229e-05; 
246.3152549161723; 2.32803649851e-05; 
246.7622880466917; 1.8155984435e-05; 
247.2093211772111; 3.21702173096e-05; 
247.6563543077305; 2.34588260355e-05; 
248.1033874382498; 4.93165389344e-05; 
248.5504205687692; 5.04220261064e-05; 
248.9974536992886; 6.21394865448e-05; 
249.4444868298079; 8.01642527222e-05; 
249.8915199603273; 5.57763014513e-05; 
250.3385530908467; 4.1316721763e-05; 
250.785586221366; 0.000110479122668; 
251.2326193518854; 9.87916573649e-05; 
251.6796524824048; 5.39910906809e-05; 
252.1266856129241; 7.09111773176e-05; 
252.5737187434435; 8.15350867924e-05; 
253.0207518739629; 8.40890279505e-05; 
253.4677850044822; 8.53992532939e-05; 
253.9148181350016; 4.77347130072e-05; 
254.361851265521; 4.74468870379e-05; 
254.8088843960404; 6.50295769447e-05; 
255.2559175265597; 3.90444438381e-05; 
255.7029506570791; 4.66863311885e-05; 
256.1499837875984; 6.56809934299e-05; 
256.5970169181178; 1.23750005514e-05; 
257.0440500486372; 1.22712253869e-05; 
257.4910831791566; 2.07834000321e-06; 
257.9381163096759; 2.47002608376e-05; 
258.3851494401953; 6.7187465902e-05; 
258.8321825707147; 4.5037628297e-05; 
259.279215701234; 1.96076089196e-05; 
259.7262488317534; 5.94626835664e-05; 
260.1732819622728; 6.82305326336e-05; 
260.6203150927922; 4.85048476548e-05; 
261.0673482233115; 6.02027139394e-05; 
261.5143813538309; 7.57310262998e-05; 
261.9614144843503; 6.69658911647e-05; 
262.4084476148697; 6.78023207001e-05; 
262.855480745389; 0.000110117238364; 
263.3025138759083; 5.8908972278e-05; 
263.7495470064277; 1.35448008223e-05; 
264.1965801369471; 2.74546564469e-05; 
264.6436132674665; 5.53177997062e-05; 
265.0906463979858; 0.000103776088508; 
265.5376795285052; 0.000124273065012; 
265.9847126590246; 8.20455825306e-05; 
266.4317457895439; 7.26254002075e-05; 
266.8787789200633; 5.7347726397e-05; 
267.3258120505827; 5.79643492529e-05; 
267.7728451811021; 5.33572165295e-05; 
268.2198783116214; 3.20841245411e-05; 
268.6669114421408; 4.34996836702e-05; 
269.1139445726602; 3.77221949748e-05; 
269.5609777031796; 5.94670200371e-05; 
270.0080108336989; 2.97642764053e-05; 
270.4550439642182; 2.48889718932e-05; 
270.9020770947376; 3.07004265778e-05; 
271.349110225257; 6.15850076429e-05; 
271.7961433557764; 8.74860343174e-05; 
272.2431764862957; 3.92978763557e-05; 
272.6902096168151; 7.89261830505e-05; 
273.1372427473345; 0.000100199089502; 
273.5842758778539; 0.00012141661864; 
274.0313090083732; 8.61228327267e-05; 
274.4783421388926; 4.25631224061e-05; 
274.925375269412; 8.69870345923e-05; 
275.3724083999313; 8.46323382575e-05; 
275.8194415304507; 6.24470703769e-05; 
276.2664746609701; 9.05006745597e-05; 
276.7135077914895; 6.82005193084e-05; 
277.1605409220088; 5.05798743689e-05; 
277.6075740525282; 1.43476008816e-05; 
278.0546071830476; 6.50949659757e-05; 
278.5016403135669; 0.000117824158224; 
278.9486734440863; 0.000125361228129; 
279.3957065746056; 8.99071746971e-05; 
279.842739705125; 4.15236609115e-05; 
280.2897728356444; 5.14505918545e-05; 
280.7368059661638; 3.5448352719e-05; 
281.1838390966831; 4.08987980336e-05; 
281.6308722272025; 7.28810045985e-05; 
282.0779053577219; 4.10832508351e-05; 
282.5249384882412; 6.07930305705e-05; 
282.9719716187606; 0.000112357556645; 
283.41900474928; 5.91227108089e-05; 
283.8660378797994; 5.66801681998e-05; 
284.3130710103187; 4.37352100562e-05; 
284.7601041408381; 4.60798437416e-05; 
285.2071372713575; 2.16003736568e-05; 
285.6541704018768; 4.09880267398e-05; 
286.1012035323962; 3.69597037206e-05; 
286.5482366629155; 6.29958376521e-05; 
286.9952697934349; 4.45445730293e-05; 
287.4423029239543; 5.50532240595e-05; 
287.8893360544737; 7.16378926882e-05; 
288.336369184993; 3.30773946189e-05; 
288.7834023155124; 6.20430873823e-05; 
289.2304354460318; 6.85843551764e-05; 
289.6774685765511; 6.87614883645e-05; 
290.1245017070705; 9.42674232647e-05; 
290.5715348375899; 9.23332627281e-05; 
291.0185679681093; 2.97228398267e-05; 
291.4656010986286; 4.50612569693e-05; 
291.912634229148; 6.35473770672e-05; 
292.3596673596674; 4.74516600661e-05; 
292.8067004901867; 5.80875603191e-05; 
293.2537336207061; 4.83945295855e-05; 
293.7007667512254; 6.28979760222e-05; 
294.1477998817448; 5.22372829437e-05; 
294.5948330122642; 9.30542591959e-05; 
295.0418661427836; 0.000110673630843; 
295.4888992733029; 6.55060284771e-05; 
295.9359324038223; 3.86443643947e-05; 
296.3829655343417; 2.66738243226e-05; 
296.829998664861; 3.85137100238e-05; 
297.2770317953804; 2.89341369353e-05; 
297.7240649258998; 5.50288241357e-05; 
298.1710980564192; 9.16158023756e-05; 
298.6181311869385; 9.68220556388e-05; 
299.0651643174579; 0.000182113741175; 
299.5121974479773; 0.000655677402392; 
299.9592305784967; 0.000707324536052; 
300.406263709016; 0.000175386754563; 
300.8532968395353; 4.93304323754e-05; 
301.3003299700547; 5.99181294092e-06; 
301.7473631005741; 2.22627659241e-05; 
302.1943962310935; 2.69717056653e-05; 
302.6414293616128; 6.86906569172e-05; 
303.0884624921322; 8.56296173879e-05; 
303.5354956226516; 8.4025778051e-05; 
303.9825287531709; 6.61673475406e-05; 
304.4295618836903; 2.42500809691e-05; 
304.8765950142097; 1.68756851053e-05; 
305.3236281447291; 3.50785521732e-05; 
305.7706612752484; 3.60979502148e-05; 
306.2176944057678; 2.16592052311e-05; 
306.6647275362872; 2.00344366021e-05; 
307.1117606668066; 3.21537772834e-05; 
307.5587937973259; 4.9514190323e-05; 
308.0058269278452; 6.22008155915e-05; 
308.4528600583646; 2.29064226005e-05; 
308.899893188884; 3.99081618525e-05; 
309.3469263194034; 8.3907674707e-05; 
309.7939594499227; 0.000114656439109; 
310.2409925804421; 9.91818960756e-05; 
310.6880257109615; 3.15937504638e-05; 
311.1350588414809; 2.08866986213e-05; 
311.5820919720002; 2.32390902966e-05; 
312.0291251025196; 9.2993451517e-07; 
312.476158233039; 7.15782225598e-05; 
312.9231913635583; 0.000119020478451; 
313.3702244940777; 7.18139199307e-05; 
313.8172576245971; 2.03361978492e-05; 
314.2642907551165; 3.71262394765e-05; 
314.7113238856358; 2.64145310211e-05; 
315.1583570161552; 2.07174216484e-05; 
315.6053901466746; 1.23893614727e-05; 
316.0524232771939; 3.3838514355e-05; 
316.4994564077133; 3.79267476092e-05; 
316.9464895382326; 3.7151901779e-05; 
317.393522668752; 4.81188544654e-05; 
317.8405557992714; 3.07940208586e-05; 
318.2875889297908; 2.62521498371e-05; 
318.7346220603101; 4.03735248256e-05; 
319.1816551908295; 3.46350097971e-05; 
319.6286883213489; 4.23884484917e-05; 
320.0757214518682; 2.87242291961e-05; 
320.5227545823876; 5.31032274012e-05; 
320.969787712907; 8.30286735436e-05; 
321.4168208434264; 6.90657252562e-05; 
321.8638539739457; 7.98257242423e-05; 
322.3108871044651; 8.22680085548e-05; 
322.7579202349845; 5.74740988668e-05; 
323.2049533655038; 3.20025465044e-05; 
323.6519864960232; 6.31287912256e-05; 
324.0990196265425; 8.17460386315e-05; 
324.5460527570619; 6.9525645813e-05; 
