% Module: Scope, ID: c0p1t6p1cfm0
% Device: DEV7225
% Time: 2026/04/06 21:29:33
% Wave Channel 1, /dev7225/scopes/0/wave.0BWN
% Wave Channel 2, /dev7225/scopes/0/wave.1BWN
% Frequency (Hz); Wave Channel 1  Spectral Density (V/√Hz); Wave Channel 2  Spectral Density (√Hz)
0; 2.21145606041; 
0.447033130519369; 1.567055583; 
0.8940662610387381; 0.00898739229888; 
1.341099391558107; 0.00205520284362; 
1.788132522077476; 0.000997654977255; 
2.235165652596845; 0.00044515330228; 
2.682198783116214; 0.000175846304046; 
3.129231913635584; 0.000341140927048; 
3.576265044154952; 0.000227696364163; 
4.023298174674322; 0.000187641169759; 
4.470331305193691; 0.000169311708305; 
4.917364435713059; 0.000184891119716; 
5.364397566232428; 0.000176673740498; 
5.811430696751797; 0.000199306494324; 
6.258463827271167; 7.8467426647e-05; 
6.705496957790536; 6.07967376709e-05; 
7.152530088309905; 7.34692221158e-05; 
7.599563218829274; 0.000106638093712; 
8.046596349348643; 0.000101939032902; 
8.493629479868012; 2.10383586818e-05; 
8.940662610387381; 8.63362147356e-05; 
9.38769574090675; 0.000108709973574; 
9.834728871426119; 0.000100413635664; 
10.28176200194549; 5.71783966734e-05; 
10.72879513246486; 6.23868618277e-05; 
11.17582826298423; 5.82502943871e-05; 
11.62286139350359; 0.0001109474033; 
12.06989452402297; 0.000200151247554; 
12.51692765454233; 0.000138284798595; 
12.9639607850617; 6.75268602208e-05; 
13.41099391558107; 9.38190569286e-05; 
13.85802704610044; 0.000149861283717; 
14.30506017661981; 0.000180375631317; 
14.75209330713918; 0.000175766035682; 
15.19912643765855; 3.71239948436e-05; 
15.64615956817792; 0.000101990844996; 
16.09319269869729; 4.77523753943e-05; 
16.54022582921666; 6.24847234576e-05; 
16.98725895973602; 9.24824198592e-05; 
17.43429209025539; 4.37375092588e-05; 
17.88132522077476; 1.87541518244e-05; 
18.32835835129413; 1.38764562507e-05; 
18.7753914818135; 8.81076484802e-05; 
19.22242461233287; 5.16822983627e-05; 
19.66945774285224; 5.69188669033e-05; 
20.11649087337161; 6.12052099314e-05; 
20.56352400389098; 5.54193211428e-05; 
21.01055713441034; 0.000111238885438; 
21.45759026492971; 0.000231541722314; 
21.90462339544908; 0.000177944690222; 
22.35165652596845; 5.25695431861e-05; 
22.79868965648782; 0.000132758141262; 
23.24572278700719; 8.83784596226e-05; 
23.69275591752656; 9.47632070165e-05; 
24.13978904804593; 0.000174774817424; 
24.5868221785653; 0.000134536167025; 
25.03385530908467; 5.49021460756e-05; 
25.48088843960404; 8.02585054771e-05; 
25.92792157012341; 2.8223681511e-05; 
26.37495470064277; 5.57149360247e-05; 
26.82198783116214; 7.87406388554e-05; 
27.26902096168151; 0.000118764612125; 
27.71605409220088; 5.64768015465e-05; 
28.16308722272025; 0.000126100232592; 
28.61012035323962; 6.79834338371e-05; 
29.05715348375899; 1.75175264303e-05; 
29.50418661427836; 5.5840377172e-05; 
29.95121974479773; 5.85215711908e-05; 
30.39825287531709; 2.36694068008e-05; 
30.84528600583646; 5.6931614381e-05; 
31.29231913635583; 0.000109035267087; 
31.7393522668752; 9.08701331355e-05; 
32.18638539739457; 5.68598807149e-05; 
32.63341852791394; 0.00011796214676; 
33.08045165843331; 0.00016114366008; 
33.52748478895268; 0.000109098109533; 
33.97451791947205; 0.000109141081339; 
34.42155104999141; 5.47691342945e-05; 
34.86858418051079; 6.23595842626e-05; 
35.31561731103015; 5.76689344598e-05; 
35.76265044154952; 0.000128057887196; 
36.20968357206889; 0.000110582142952; 
36.65671670258826; 0.000113737798529; 
37.10374983310763; 0.000110660243081; 
37.550782963627; 0.000123545090901; 
37.99781609414637; 0.000167488105944; 
38.44484922466574; 0.000122692683362; 
38.89188235518511; 0.000139719777508; 
39.33891548570448; 6.64541657898e-05; 
39.78594861622385; 2.89037252514e-05; 
40.23298174674321; 8.2684775407e-05; 
40.68001487726259; 8.37162515381e-05; 
41.12704800778195; 3.86656756746e-05; 
41.57408113830132; 0.000133876819746; 
42.02111426882069; 0.000164493059856; 
42.46814739934006; 0.000139378549648; 
42.91518052985943; 3.63389735867e-05; 
43.3622136603788; 8.43820380396e-05; 
43.80924679089816; 2.89883082587e-05; 
44.25627992141754; 0.000123039280879; 
44.7033130519369; 0.000107386775198; 
45.15034618245627; 9.26136635826e-05; 
45.59737931297564; 0.000136733142426; 
46.04441244349501; 4.97104083479e-05; 
46.49144557401438; 0.00013114293688; 
46.93847870453375; 8.85600966285e-05; 
47.38551183505312; 2.56766998064e-05; 
47.83254496557249; 9.63418915489e-06; 
48.27957809609186; 4.41751908511e-05; 
48.72661122661123; 9.98633768177e-05; 
49.1736443571306; 0.000116110721137; 
49.62067748764996; 2.1537181965e-05; 
50.06771061816934; 7.48388993088e-05; 
50.5147437486887; 9.91918859654e-05; 
50.96177687920807; 0.0001382476039; 
51.40881000972744; 0.000125167018268; 
51.85584314024681; 7.41480616853e-05; 
52.30287627076618; 0.000170075203641; 
52.74990940128555; 0.000110921784653; 
53.19694253180491; 0.000123558260384; 
53.64397566232429; 0.000137709241244; 
54.09100879284365; 8.02886279416e-05; 
54.53804192336302; 0.000107225117972; 
54.98507505388239; 0.000138220624649; 
55.43210818440176; 0.000109902575787; 
55.87914131492113; 0.000147022365127; 
56.3261744454405; 3.94592752855e-05; 
56.77320757595987; 7.76883098297e-05; 
57.22024070647924; 6.65311235934e-05; 
57.66727383699861; 0.000106521452835; 
58.11430696751798; 0.00014634814579; 
58.56134009803735; 6.68984357617e-05; 
59.00837322855671; 5.1630409871e-05; 
59.45540635907609; 0.000252063880907; 
59.90243948959545; 0.000601494335569; 
60.34947262011482; 0.000444354198407; 
60.79650575063419; 0.000119321884995; 
61.24353888115356; 3.7560617784e-05; 
61.69057201167293; 7.45912402635e-05; 
62.1376051421923; 0.000171520689037; 
62.58463827271166; 0.00010275587556; 
63.03167140323104; 7.41933763493e-05; 
63.4787045337504; 4.39619325334e-05; 
63.92573766426977; 0.000155435191118; 
64.37277079478915; 0.000129871128593; 
64.81980392530851; 6.16743709543e-05; 
65.26683705582788; 9.94617948891e-05; 
65.71387018634725; 0.00012064936891; 
66.16090331686662; 1.16852525025e-05; 
66.60793644738598; 0.000157119167852; 
67.05496957790535; 0.000157430404215; 
67.50200270842473; 8.56223123264e-05; 
67.9490358389441; 0.000140455696965; 
68.39606896946347; 8.60377549543e-05; 
68.84310209998283; 4.08324376622e-05; 
69.2901352305022; 4.10037209804e-05; 
69.73716836102157; 4.76278546557e-05; 
70.18420149154095; 2.11881215364e-05; 
70.6312346220603; 6.36333788862e-05; 
71.07826775257968; 0.000132893852424; 
71.52530088309905; 0.000166015917785; 
71.97233401361842; 0.000120415752463; 
72.41936714413778; 7.4571427831e-05; 
72.86640027465715; 5.04681775055e-05; 
73.31343340517653; 3.80166966352e-05; 
73.7604665356959; 1.28925839817e-05; 
74.20749966621526; 2.42737696681e-05; 
74.65453279673463; 4.34467874584e-05; 
75.101565927254; 8.11313948361e-05; 
75.54859905777337; 0.000110254382889; 
75.99563218829273; 0.000162640804774; 
76.4426653188121; 0.000144197925692; 
76.88969844933148; 3.69177832908e-05; 
77.33673157985085; 0.000139610201586; 
77.78376471037022; 1.71444153239e-05; 
78.23079784088958; 0.00019199369126; 
78.67783097140895; 0.000189711179701; 
79.12486410192832; 0.000103232669062; 
79.5718972324477; 3.11145013256e-05; 
80.01893036296705; 0.000107324172859; 
80.46596349348643; 9.04378830455e-05; 
80.9129966240058; 7.03573823557e-05; 
81.36002975452517; 7.51720799599e-05; 
81.80706288504453; 6.01877436566e-05; 
82.2540960155639; 6.18531203145e-06; 
82.70112914608328; 6.88836880727e-05; 
83.14816227660265; 8.81203013705e-05; 
83.59519540712201; 8.05030776974e-06; 
84.04222853764138; 6.58838253003e-05; 
84.48926166816075; 0.000156708731083; 
84.93629479868012; 0.000265341455815; 
85.38332792919948; 0.000176057132194; 
85.83036105971885; 6.09913695371e-05; 
86.27739419023823; 0.000142446078826; 
86.7244273207576; 0.00010133721662; 
87.17146045127697; 0.000156757247169; 
87.61849358179633; 7.96231324784e-05; 
88.0655267123157; 9.8776536106e-06; 
88.51255984283507; 7.0954549301e-05; 
88.95959297335445; 3.239605212e-05; 
89.4066261038738; 9.13315234357e-05; 
89.85365923439318; 3.93122099922e-05; 
90.30069236491255; 7.70617989474e-05; 
90.74772549543192; 3.94442940888e-05; 
91.19475862595128; 6.81930760038e-05; 
91.64179175647065; 0.000147136946907; 
92.08882488699003; 0.00015728265862; 
92.5358580175094; 9.50543471845e-05; 
92.98289114802876; 9.00523009477e-05; 
93.42992427854813; 0.000200153706828; 
93.8769574090675; 0.000190330989426; 
94.32399053958687; 0.00012825941667; 
94.77102367010623; 6.872004451e-05; 
95.2180568006256; 4.79105619888e-05; 
95.66508993114498; 4.56766611023e-05; 
96.11212306166435; 4.76846835227e-05; 
96.55915619218372; 2.57214978774e-05; 
97.00618932270308; 8.54013778735e-05; 
97.45322245322245; 0.000114788170322; 
97.90025558374182; 4.40520452685e-05; 
98.3472887142612; 0.000115831411676; 
98.79432184478055; 0.000173515611095; 
99.24135497529993; 0.000117677613162; 
99.6883881058193; 4.26905644417e-05; 
100.1354212363387; 0.000109779648483; 
100.582454366858; 1.6925187083e-05; 
101.0294874973774; 7.06459541107e-05; 
101.4765206278968; 5.28269374627e-05; 
101.9235537584161; 7.52679188736e-05; 
102.3705868889355; 0.000111331552034; 
102.8176200194549; 8.78630089574e-05; 
103.2646531499743; 8.78790815477e-05; 
103.7116862804936; 8.00748239271e-05; 
104.158719411013; 2.56217408605e-05; 
104.6057525415324; 0.000122528901557; 
105.0527856720517; 0.000114224450954; 
105.4998188025711; 7.99155095592e-05; 
105.9468519330905; 6.35389587842e-05; 
106.3938850636098; 3.55025003955e-05; 
106.8409181941292; 6.63358805468e-05; 
107.2879513246486; 5.40464207006e-05; 
107.7349844551679; 7.83042996773e-05; 
108.1820175856873; 4.15707072534e-05; 
108.6290507162067; 7.00109740137e-05; 
109.076083846726; 5.54108191864e-05; 
109.5231169772454; 3.95092210965e-05; 
109.9701501077648; 0.000107066938654; 
110.4171832382842; 0.000181266441359; 
110.8642163688035; 0.000165436271345; 
111.3112494993229; 6.72451569699e-05; 
111.7582826298423; 6.43366365694e-05; 
112.2053157603616; 0.000102205922303; 
112.652348890881; 5.81983113079e-06; 
113.0993820214004; 9.9971468444e-05; 
113.5464151519197; 3.3315132896e-05; 
113.9934482824391; 7.97117463662e-05; 
114.4404814129585; 0.000119823300338; 
114.8875145434778; 0.000101819648989; 
115.3345476739972; 7.29580060579e-05; 
115.7815808045166; 6.8829045631e-05; 
116.228613935036; 0.000118637843116; 
116.6756470655553; 9.20127495192e-05; 
117.1226801960747; 1.91075941984e-05; 
117.5697133265941; 2.58616855717e-05; 
118.0167464571134; 2.63134679699e-05; 
118.4637795876328; 1.93159321498e-05; 
118.9108127181522; 3.7262099795e-05; 
119.3578458486715; 1.86266242963e-05; 
119.8048789791909; 5.60371845495e-05; 
120.2519121097103; 0.000135625901748; 
120.6989452402296; 9.72426059889e-05; 
121.145978370749; 5.4065403674e-05; 
121.5930115012684; 0.000107653766463; 
122.0400446317878; 4.49822800874e-05; 
122.4870777623071; 3.40348669852e-05; 
122.9341108928265; 4.21357981395e-05; 
123.3811440233459; 9.80633558356e-05; 
123.8281771538652; 0.000130097803776; 
124.2752102843846; 0.000107133295387; 
124.722243414904; 0.000104389066109; 
125.1692765454233; 0.000122955432744; 
125.6163096759427; 9.15827331482e-05; 
126.0633428064621; 0.000112142937724; 
126.5103759369814; 9.26520297071e-05; 
126.9574090675008; 8.63232125994e-05; 
127.4044421980202; 8.06530151749e-05; 
127.8514753285395; 0.000103622493043; 
128.2985084590589; 9.58244854701e-05; 
128.7455415895783; 5.75354606553e-05; 
129.1925747200977; 5.86161622778e-05; 
129.639607850617; 4.0690163587e-05; 
130.0866409811364; 4.4895830797e-05; 
130.5336741116558; 2.08689179999e-05; 
130.9807072421751; 9.89004256553e-05; 
131.4277403726945; 0.000126937811729; 
131.8747735032139; 0.000115981041745; 
132.3218066337332; 8.05092277005e-05; 
132.7688397642526; 5.13601589773e-05; 
133.215872894772; 0.000175812878297; 
133.6629060252913; 0.000146073405631; 
134.1099391558107; 2.03522795346e-05; 
134.5569722863301; 7.87738608778e-05; 
135.0040054168495; 3.19182436215e-05; 
135.4510385473688; 2.49366985372e-05; 
135.8980716778882; 3.19245227729e-05; 
136.3451048084076; 6.08469235885e-05; 
136.7921379389269; 0.000114248687169; 
137.2391710694463; 8.11251884443e-05; 
137.6862041999657; 0.000115804301458; 
138.133237330485; 0.000123763558804; 
138.5802704610044; 9.29016969167e-05; 
139.0273035915238; 6.18895428488e-05; 
139.4743367220431; 3.85285093216e-05; 
139.9213698525625; 9.20890597627e-05; 
140.3684029830819; 7.81706912676e-05; 
140.8154361136012; 2.13499406527e-05; 
141.2624692441206; 0.000109102031274; 
141.70950237464; 0.000152319073095; 
142.1565355051594; 4.35980982729e-05; 
142.6035686356787; 2.36989344558e-05; 
143.0506017661981; 3.44691361533e-05; 
143.4976348967175; 7.35409848858e-05; 
143.9446680272368; 0.00013158674119; 
144.3917011577562; 0.000196879424038; 
144.8387342882756; 0.000150192805449; 
145.2857674187949; 0.000102443744254; 
145.7328005493143; 6.52401577099e-05; 
146.1798336798337; 0.00010952509183; 
146.6268668103531; 0.000121556608065; 
147.0738999408724; 2.72818997473e-05; 
147.5209330713918; 8.24579092296e-06; 
147.9679662019112; 9.90083135548e-05; 
148.4149993324305; 0.0001139645683; 
148.8620324629499; 0.000135124515509; 
149.3090655934693; 0.000137699578772; 
149.7560987239886; 6.21958606644e-05; 
150.203131854508; 5.68980140088e-05; 
150.6501649850274; 2.37286130869e-05; 
151.0971981155467; 8.16202809801e-05; 
151.5442312460661; 5.32541853318e-05; 
151.9912643765855; 0.000199881600565; 
152.4382975071048; 0.000170787156094; 
152.8853306376242; 8.44368405524e-05; 
153.3323637681436; 9.73158166744e-05; 
153.779396898663; 4.75894667034e-05; 
154.2264300291823; 0.000133132911287; 
154.6734631597017; 0.000134070549393; 
155.1204962902211; 9.46561194723e-05; 
155.5675294207404; 4.35120709881e-05; 
156.0145625512598; 3.18775819323e-05; 
156.4615956817792; 0.000111061934149; 
156.9086288122985; 0.000109512198833; 
157.3556619428179; 4.70523627882e-05; 
157.8026950733373; 5.95896744926e-05; 
158.2497282038566; 6.92840258125e-05; 
158.696761334376; 8.04010851425e-05; 
159.1437944648954; 9.43002305576e-05; 
159.5908275954147; 0.000162360665854; 
160.0378607259341; 6.7718923674e-05; 
160.4848938564535; 6.39051650069e-05; 
160.9319269869729; 0.000123200981761; 
161.3789601174922; 0.000105100123619; 
161.8259932480116; 5.60965927434e-05; 
162.273026378531; 0.000118649411888; 
162.7200595090503; 6.17964906269e-05; 
163.1670926395697; 8.11198988231e-05; 
163.6141257700891; 0.000114790673251; 
164.0611589006084; 0.000132538101752; 
164.5081920311278; 0.000103806560219; 
164.9552251616472; 4.13633897551e-05; 
165.4022582921666; 6.03578628215e-05; 
165.8492914226859; 0.000109422384412; 
166.2963245532053; 6.37515695416e-05; 
166.7433576837247; 4.45476907771e-05; 
167.190390814244; 0.000113997288281; 
167.6374239447634; 0.000131993729156; 
168.0844570752828; 0.000103029269667; 
168.5314902058021; 5.7292450947e-05; 
168.9785233363215; 4.35283000115e-05; 
169.4255564668409; 0.000100400029623; 
169.8725895973602; 8.07764372439e-05; 
170.3196227278796; 2.84471971099e-05; 
170.766655858399; 5.61663364351e-05; 
171.2136889889183; 4.34010871686e-05; 
171.6607221194377; 8.95663542906e-05; 
172.1077552499571; 0.000115401344374; 
172.5547883804765; 6.40036523691e-05; 
173.0018215109958; 0.000153941044118; 
173.4488546415152; 0.000152291439008; 
173.8958877720346; 4.63133546873e-05; 
174.3429209025539; 0.000119672695291; 
174.7899540330733; 3.59222576662e-05; 
175.2369871635927; 7.32415574021e-05; 
175.684020294112; 0.000100649027445; 
176.1310534246314; 0.000125647173263; 
176.5780865551508; 7.6566793723e-05; 
177.0251196856701; 2.24502055062e-05; 
177.4721528161895; 4.77087414765e-05; 
177.9191859467089; 5.93409131397e-05; 
178.3662190772282; 0.000165447956533; 
178.8132522077476; 0.000130055690533; 
179.260285338267; 0.000213248989894; 
179.7073184687864; 0.00090126437135; 
180.1543515993057; 0.0011237191502; 
180.6013847298251; 0.000305545690935; 
181.0484178603445; 0.000137398033985; 
181.4954509908638; 3.5564724385e-05; 
181.9424841213832; 7.65152581153e-05; 
182.3895172519026; 3.33311108989e-05; 
182.8365503824219; 0.000102303885797; 
183.2835835129413; 0.000134950576467; 
183.7306166434607; 3.20357066812e-05; 
184.1776497739801; 0.000133850771817; 
184.6246829044994; 8.19832202978e-05; 
185.0717160350188; 2.95812678814e-05; 
185.5187491655382; 6.0059090174e-05; 
185.9657822960575; 7.09508312866e-05; 
186.4128154265769; 7.17989096302e-05; 
186.8598485570963; 0.000100062963611; 
187.3068816876156; 4.62608186353e-05; 
187.753914818135; 6.05329114478e-05; 
188.2009479486544; 0.000107107873191; 
188.6479810791737; 0.000142716249684; 
189.0950142096931; 8.40811335365e-05; 
189.5420473402125; 4.33846835222e-05; 
189.9890804707318; 8.41870569275e-05; 
190.4361136012512; 4.30926629633e-05; 
190.8831467317706; 2.21166828851e-05; 
191.33017986229; 7.75701264502e-05; 
191.7772129928093; 5.68725226913e-05; 
192.2242461233287; 0.000103045167634; 
192.6712792538481; 9.51503607212e-05; 
193.1183123843674; 3.07701484417e-05; 
193.5653455148868; 0.000139553347253; 
194.0123786454062; 0.000146961028804; 
194.4594117759255; 1.51902850121e-05; 
194.9064449064449; 6.18251651758e-05; 
195.3534780369643; 7.58568930905e-05; 
195.8005111674836; 0.000111254434159; 
196.247544298003; 0.000102093290479; 
196.6945774285224; 4.10799912061e-05; 
197.1416105590417; 2.42998848989e-05; 
197.5886436895611; 4.99015113746e-05; 
198.0356768200805; 5.56350605621e-05; 
198.4827099505999; 4.56131056126e-05; 
198.9297430811192; 9.5523922937e-05; 
199.3767762116386; 0.00010788156942; 
199.823809342158; 0.000101773301139; 
200.2708424726773; 0.000111820787424; 
200.7178756031967; 0.000216533328057; 
201.1649087337161; 0.000195445347345; 
201.6119418642354; 7.91304119048e-05; 
202.0589749947548; 8.37232291815e-05; 
202.5060081252742; 0.000137066890602; 
202.9530412557936; 2.17491560761e-05; 
203.4000743863129; 0.000139493538882; 
203.8471075168323; 8.20686982479e-05; 
204.2941406473517; 1.17154659165e-05; 
204.741173777871; 5.15001920576e-05; 
205.1882069083904; 1.6504778614e-05; 
205.6352400389098; 7.07216604496e-05; 
206.0822731694291; 0.000135558657348; 
206.5293062999485; 0.000234753548284; 
206.9763394304679; 0.000151863961946; 
207.4233725609872; 5.61905471841e-05; 
207.8704056915066; 5.34309256182e-05; 
208.317438822026; 2.32072088693e-05; 
208.7644719525453; 5.36401639692e-05; 
209.2115050830647; 8.2518767158e-05; 
209.6585382135841; 8.25191673357e-05; 
210.1055713441035; 5.07179320266e-05; 
210.5526044746228; 4.75499728054e-05; 
210.9996376051422; 0.000110714383482; 
211.4466707356616; 0.000154433742864; 
211.8937038661809; 0.000173119187821; 
212.3407369967003; 0.000125939506688; 
212.7877701272197; 0.000101707504655; 
213.234803257739; 9.72833659034e-05; 
213.6818363882584; 9.66061270447e-05; 
214.1288695187778; 9.49830573518e-05; 
214.5759026492971; 0.000138848728966; 
215.0229357798165; 0.000149095998495; 
215.4699689103359; 0.000113292444439; 
215.9170020408552; 0.000117109491839; 
216.3640351713746; 0.000110704371764; 
216.811068301894; 0.000165224424563; 
217.2581014324134; 0.000114369708172; 
217.7051345629327; 0.000137813854963; 
218.1521676934521; 7.2722468758e-05; 
218.5992008239715; 8.6379579443e-05; 
219.0462339544908; 0.000140111951623; 
219.4932670850102; 9.8039941804e-05; 
219.9403002155296; 4.29661267844e-05; 
220.3873333460489; 7.10323511157e-05; 
220.8343664765683; 4.74325825053e-05; 
221.2813996070877; 0.000111074943561; 
221.7284327376071; 7.69138277974e-05; 
222.1754658681264; 0.000163226213772; 
222.6224989986458; 0.000124691898236; 
223.0695321291652; 4.90214806632e-05; 
223.5165652596845; 0.000142516480992; 
223.9635983902039; 0.000183419673704; 
224.4106315207233; 8.19097331259e-05; 
224.8576646512426; 9.85127189779e-05; 
225.304697781762; 0.000132163826493; 
225.7517309122814; 6.12435978837e-05; 
226.1987640428007; 5.00365276821e-05; 
226.6457971733201; 0.000105606544821; 
227.0928303038395; 5.47594790987e-05; 
227.5398634343588; 5.31045989192e-05; 
227.9868965648782; 5.81932472414e-05; 
228.4339296953976; 7.54672364565e-05; 
228.880962825917; 6.54502655379e-05; 
229.3279959564363; 6.69848232064e-05; 
229.7750290869557; 8.24382004794e-05; 
230.2220622174751; 7.55721048336e-05; 
230.6690953479944; 0.000170053026523; 
231.1161284785138; 0.000107821077108; 
231.5631616090332; 0.000129999520141; 
232.0101947395525; 0.000151925341925; 
232.4572278700719; 7.23662160453e-05; 
232.9042610005913; 8.65802358021e-05; 
233.3512941311106; 0.000197346889763; 
233.79832726163; 0.000160365423653; 
234.2453603921494; 4.04862403229e-05; 
234.6923935226687; 0.000116856586828; 
235.1394266531881; 0.000172721673152; 
235.5864597837075; 8.26155592222e-05; 
236.0334929142269; 0.000101956131402; 
236.4805260447462; 0.00015425067977; 
236.9275591752656; 1.49957522808e-05; 
237.374592305785; 9.66148654697e-05; 
237.8216254363043; 0.000130403990624; 
238.2686585668237; 0.00010962360102; 
238.7156916973431; 0.000100454082713; 
239.1627248278624; 0.000135802823934; 
239.6097579583818; 0.000175917477463; 
240.0567910889012; 0.000184719770914; 
240.5038242194206; 7.20718380762e-05; 
240.9508573499399; 8.76565100043e-05; 
241.3978904804593; 4.25487924076e-05; 
241.8449236109787; 4.06894614571e-05; 
242.291956741498; 3.17465674016e-05; 
242.7389898720174; 0.000103795675386; 
243.1860230025368; 0.000211346559809; 
243.6330561330561; 0.000106985549792; 
244.0800892635755; 2.57358296949e-05; 
244.5271223940949; 3.65503219655e-05; 
244.9741555246142; 7.60852271924e-05; 
245.4211886551336; 0.000133788838866; 
245.868221785653; 9.03529580683e-05; 
246.3152549161723; 9.61194600677e-05; 
246.7622880466917; 0.000123520658235; 
247.2093211772111; 0.000115704460768; 
247.6563543077305; 0.000115869501315; 
248.1033874382498; 4.37703529315e-05; 
248.5504205687692; 8.62384040374e-05; 
248.9974536992886; 0.000114638874948; 
249.4444868298079; 8.34890524857e-05; 
249.8915199603273; 1.68064998434e-05; 
250.3385530908467; 0.000100579156424; 
250.785586221366; 0.000132963134092; 
251.2326193518854; 9.83373174677e-05; 
251.6796524824048; 5.15077408636e-05; 
252.1266856129241; 7.35568974051e-05; 
252.5737187434435; 6.50111905998e-05; 
253.0207518739629; 1.20589238577e-05; 
253.4677850044822; 3.13177588396e-05; 
253.9148181350016; 4.98718436575e-05; 
254.361851265521; 0.000155905770953; 
254.8088843960404; 0.000185205411981; 
255.2559175265597; 0.000131911132485; 
255.7029506570791; 8.84185428731e-05; 
256.1499837875984; 6.66681517032e-05; 
256.5970169181178; 8.57202903717e-05; 
257.0440500486372; 4.53780885437e-05; 
257.4910831791566; 5.68843788642e-05; 
257.9381163096759; 4.57102432847e-05; 
258.3851494401953; 8.78229475347e-05; 
258.8321825707147; 0.000109027292638; 
259.279215701234; 0.000146610851516; 
259.7262488317534; 3.98976917495e-05; 
260.1732819622728; 9.04502012418e-05; 
260.6203150927922; 7.30529936845e-05; 
261.0673482233115; 3.67033244402e-05; 
261.5143813538309; 6.92310495651e-05; 
261.9614144843503; 7.93236995378e-06; 
262.4084476148697; 7.80202608439e-05; 
262.855480745389; 0.000108008687675; 
263.3025138759083; 0.000113206842798; 
263.7495470064277; 3.24273169099e-05; 
264.1965801369471; 6.09689341218e-05; 
264.6436132674665; 9.12848990993e-05; 
265.0906463979858; 7.68932004576e-05; 
265.5376795285052; 0.000169385821209; 
265.9847126590246; 0.000152361753862; 
266.4317457895439; 6.46590997349e-05; 
266.8787789200633; 4.98366280226e-05; 
267.3258120505827; 8.72705131769e-05; 
267.7728451811021; 6.87355932314e-05; 
268.2198783116214; 3.56733035005e-05; 
268.6669114421408; 6.01559331699e-05; 
269.1139445726602; 0.000116868221085; 
269.5609777031796; 9.44731000345e-05; 
270.0080108336989; 0.000121191776998; 
270.4550439642182; 0.000189209924429; 
270.9020770947376; 0.000157557587954; 
271.349110225257; 6.12694566371e-05; 
271.7961433557764; 1.70340263139e-05; 
272.2431764862957; 5.97752987233e-05; 
272.6902096168151; 7.39501047065e-05; 
273.1372427473345; 1.4252685105e-05; 
273.5842758778539; 6.00111670792e-05; 
274.0313090083732; 0.000161391159054; 
274.4783421388926; 0.000192516614334; 
274.925375269412; 8.5688305262e-05; 
275.3724083999313; 4.18858144258e-05; 
275.8194415304507; 5.84620865993e-05; 
276.2664746609701; 5.66327980778e-05; 
276.7135077914895; 7.76845045038e-05; 
277.1605409220088; 8.88634604053e-05; 
277.6075740525282; 0.000134032394271; 
278.0546071830476; 0.000134783796966; 
278.5016403135669; 6.93522742949e-05; 
278.9486734440863; 1.20008235172e-05; 
279.3957065746056; 5.98916085437e-05; 
279.842739705125; 1.53327127919e-05; 
280.2897728356444; 0.000168179249158; 
280.7368059661638; 0.000157482136274; 
281.1838390966831; 1.18903944895e-05; 
281.6308722272025; 8.41012806632e-05; 
282.0779053577219; 0.000104345010186; 
282.5249384882412; 5.18039087183e-05; 
282.9719716187606; 0.000104728322185; 
283.41900474928; 0.000129505031509; 
283.8660378797994; 1.39444082379e-05; 
284.3130710103187; 0.00013350766676; 
284.7601041408381; 0.00017430029402; 
285.2071372713575; 0.00012630445417; 
285.6541704018768; 5.78728468099e-05; 
286.1012035323962; 0.000167446618434; 
286.5482366629155; 0.000142701450386; 
286.9952697934349; 0.000120831398817; 
287.4423029239543; 0.00014013540931; 
287.8893360544737; 4.29793944932e-05; 
288.336369184993; 4.10824250139e-05; 
288.7834023155124; 2.34556719079e-05; 
289.2304354460318; 0.000105761944724; 
289.6774685765511; 9.00504746824e-05; 
290.1245017070705; 0.000140264237416; 
290.5715348375899; 0.000190366874449; 
291.0185679681093; 0.000102741083538; 
291.4656010986286; 7.28040977265e-05; 
291.912634229148; 0.000111528293928; 
292.3596673596674; 9.01354942471e-05; 
292.8067004901867; 9.006873006e-05; 
293.2537336207061; 0.000120833268738; 
293.7007667512254; 9.26322609303e-05; 
294.1477998817448; 0.000116488779895; 
294.5948330122642; 0.00018226292741; 
295.0418661427836; 4.23682577093e-05; 
295.4888992733029; 2.46945091931e-05; 
295.9359324038223; 7.42437987356e-05; 
296.3829655343417; 4.24458157795e-05; 
296.829998664861; 4.40062685811e-05; 
297.2770317953804; 5.91392308706e-05; 
297.7240649258998; 3.8861468056e-05; 
298.1710980564192; 6.48301065667e-05; 
298.6181311869385; 5.25661344e-05; 
299.0651643174579; 6.37831108179e-05; 
299.5121974479773; 0.00037728092866; 
299.9592305784967; 0.000988588784821; 
300.406263709016; 0.000606144196354; 
300.8532968395353; 7.61639748816e-05; 
301.3003299700547; 0.000110817927634; 
301.7473631005741; 4.49467770522e-05; 
302.1943962310935; 4.33282002632e-05; 
302.6414293616128; 7.81638664193e-05; 
303.0884624921322; 7.39913448342e-05; 
303.5354956226516; 5.91295211052e-05; 
303.9825287531709; 2.04354000743e-05; 
304.4295618836903; 3.38893842127e-05; 
304.8765950142097; 2.81832344626e-05; 
305.3236281447291; 8.01367859822e-05; 
305.7706612752484; 9.83543941402e-05; 
306.2176944057678; 5.02275033796e-05; 
306.6647275362872; 0.000111113498861; 
307.1117606668066; 0.000134191897814; 
307.5587937973259; 5.35807084816e-05; 
308.0058269278452; 1.14771246444e-05; 
308.4528600583646; 5.0949260185e-05; 
308.899893188884; 0.00010107010894; 
309.3469263194034; 0.000179850379936; 
309.7939594499227; 9.55770447035e-05; 
310.2409925804421; 5.97055113758e-05; 
310.6880257109615; 8.76906487974e-05; 
311.1350588414809; 5.52304954908e-05; 
311.5820919720002; 5.14250896231e-05; 
312.0291251025196; 0.000155281406478; 
312.476158233039; 0.000103673577541; 
312.9231913635583; 3.03739998344e-05; 
313.3702244940777; 8.55228718137e-05; 
313.8172576245971; 0.000111677181849; 
314.2642907551165; 3.1716797821e-05; 
314.7113238856358; 8.37368206703e-05; 
315.1583570161552; 6.34838434053e-05; 
315.6053901466746; 3.04296336253e-05; 
316.0524232771939; 3.89942215406e-05; 
316.4994564077133; 0.000111109991849; 
316.9464895382326; 0.000116028706543; 
317.393522668752; 1.81600353244e-05; 
317.8405557992714; 9.2360562121e-05; 
318.2875889297908; 5.39452812518e-05; 
318.7346220603101; 6.55588955851e-05; 
319.1816551908295; 6.56785414321e-05; 
319.6286883213489; 0.0001337659196; 
320.0757214518682; 0.000158973707585; 
320.5227545823876; 0.000103147853224; 
320.969787712907; 7.57057423471e-05; 
321.4168208434264; 7.11313114152e-05; 
321.8638539739457; 7.3512281233e-05; 
322.3108871044651; 0.000129643289256; 
322.7579202349845; 8.20206623757e-05; 
323.2049533655038; 5.592483285e-05; 
323.6519864960232; 5.53851059522e-05; 
324.0990196265425; 2.84292982542e-05; 
324.5460527570619; 3.54910516762e-05; 
