% Module: Scope, ID: c0p1t6p1cfm0
% Device: DEV7225
% Time: 2026/04/06 18:47:04
% Wave Channel 1, /dev7225/scopes/0/wave.0BWN
% Wave Channel 2, /dev7225/scopes/0/wave.1BWN
% Frequency (Hz); Wave Channel 1  Spectral Density (V/√Hz); Wave Channel 2  Spectral Density (√Hz)
0; 2.48361372948; 
0.447033130519369; 1.76574587822; 
0.8940662610387381; 0.0267357602715; 
1.341099391558107; 0.00687641091645; 
1.788132522077476; 0.00265202880837; 
2.235165652596845; 0.00130925793201; 
2.682198783116214; 0.000767231627833; 
3.129231913635584; 0.000466240482638; 
3.576265044154952; 0.000387139356462; 
4.023298174674322; 0.000181293231435; 
4.470331305193691; 0.000182404444786; 
4.917364435713059; 0.000111857800221; 
5.364397566232428; 0.000187492390978; 
5.811430696751797; 3.00378796965e-05; 
6.258463827271167; 0.000100256424048; 
6.705496957790536; 8.1467354903e-05; 
7.152530088309905; 1.26658960653e-05; 
7.599563218829274; 6.02864820394e-05; 
8.046596349348643; 5.56727172807e-05; 
8.493629479868012; 0.000105604420241; 
8.940662610387381; 2.0385165044e-05; 
9.38769574090675; 5.12663318659e-05; 
9.834728871426119; 7.61241462897e-05; 
10.28176200194549; 8.62507658894e-05; 
10.72879513246486; 3.09517527057e-05; 
11.17582826298423; 5.02275688632e-05; 
11.62286139350359; 8.09341945569e-05; 
12.06989452402297; 4.58079448435e-05; 
12.51692765454233; 5.89360133745e-05; 
12.9639607850617; 4.44803881692e-05; 
13.41099391558107; 4.83370531583e-05; 
13.85802704610044; 7.45375728002e-05; 
14.30506017661981; 8.99845326785e-05; 
14.75209330713918; 4.28189414379e-05; 
15.19912643765855; 5.87728682149e-05; 
15.64615956817792; 5.11397156515e-05; 
16.09319269869729; 9.48287342908e-05; 
16.54022582921666; 0.000108974076284; 
16.98725895973602; 7.71268896642e-05; 
17.43429209025539; 4.75704837299e-05; 
17.88132522077476; 8.89165967237e-05; 
18.32835835129413; 3.54178264388e-05; 
18.7753914818135; 4.31299340562e-05; 
19.22242461233287; 4.65414377686e-05; 
19.66945774285224; 7.59307731641e-05; 
20.11649087337161; 0.000107736042992; 
20.56352400389098; 9.59672761383e-05; 
21.01055713441034; 4.65288212581e-05; 
21.45759026492971; 0.00011650374654; 
21.90462339544908; 0.00016473067808; 
22.35165652596845; 0.000100746619864; 
22.79868965648782; 2.92273216473e-05; 
23.24572278700719; 7.30539104552e-05; 
23.69275591752656; 9.18792138691e-05; 
24.13978904804593; 2.99723433272e-05; 
24.5868221785653; 4.51031701232e-05; 
25.03385530908467; 1.87303230632e-05; 
25.48088843960404; 5.2023518947e-05; 
25.92792157012341; 6.83603357174e-05; 
26.37495470064277; 6.24788663117e-05; 
26.82198783116214; 3.65715568478e-05; 
27.26902096168151; 3.53030845872e-05; 
27.71605409220088; 4.2159223085e-05; 
28.16308722272025; 5.75189405936e-05; 
28.61012035323962; 4.2716950702e-05; 
29.05715348375899; 2.65698890871e-05; 
29.50418661427836; 7.77582390583e-05; 
29.95121974479773; 0.00013490850688; 
30.39825287531709; 8.42020526761e-05; 
30.84528600583646; 1.36056878546e-05; 
31.29231913635583; 2.63353922492e-05; 
31.7393522668752; 3.07403533952e-05; 
32.18638539739457; 4.8671674449e-05; 
32.63341852791394; 7.54671345931e-05; 
33.08045165843331; 3.51273629349e-05; 
33.52748478895268; 7.68411555327e-05; 
33.97451791947205; 7.15471906005e-05; 
34.42155104999141; 9.90355401882e-05; 
34.86858418051079; 9.32902621571e-05; 
35.31561731103015; 4.6009216021e-05; 
35.76265044154952; 6.85199993313e-05; 
36.20968357206889; 0.000116386836453; 
36.65671670258826; 0.000165215387824; 
37.10374983310763; 9.29628440645e-05; 
37.550782963627; 4.20588366978e-05; 
37.99781609414637; 0.000102448888356; 
38.44484922466574; 0.000143576558912; 
38.89188235518511; 0.000111447014206; 
39.33891548570448; 9.97262832243e-05; 
39.78594861622385; 1.36736325658e-05; 
40.23298174674321; 8.92315656529e-05; 
40.68001487726259; 2.81934171653e-05; 
41.12704800778195; 5.41661611351e-05; 
41.57408113830132; 2.01816565095e-05; 
42.02111426882069; 2.7953150493e-05; 
42.46814739934006; 1.06139787022e-05; 
42.91518052985943; 2.69298107014e-05; 
43.3622136603788; 8.48735799082e-05; 
43.80924679089816; 9.98807954602e-05; 
44.25627992141754; 0.000100533492514; 
44.7033130519369; 5.47849813302e-05; 
45.15034618245627; 6.77425341564e-05; 
45.59737931297564; 0.000106355124444; 
46.04441244349501; 3.49216279574e-05; 
46.49144557401438; 8.97601494216e-05; 
46.93847870453375; 8.31398938317e-05; 
47.38551183505312; 3.46722044924e-05; 
47.83254496557249; 7.3958086432e-05; 
48.27957809609186; 0.000107750864117; 
48.72661122661123; 7.17758666724e-05; 
49.1736443571306; 1.80103197636e-05; 
49.62067748764996; 2.65917205979e-05; 
50.06771061816934; 1.60939598572e-05; 
50.5147437486887; 6.22137440587e-06; 
50.96177687920807; 3.67235661543e-05; 
51.40881000972744; 4.60678129457e-05; 
51.85584314024681; 2.48398009717e-05; 
52.30287627076618; 4.69511833217e-05; 
52.74990940128555; 5.17436346854e-05; 
53.19694253180491; 5.39850079804e-05; 
53.64397566232429; 8.27948606457e-05; 
54.09100879284365; 9.55040304689e-05; 
54.53804192336302; 5.45789844182e-05; 
54.98507505388239; 7.82174538472e-05; 
55.43210818440176; 5.12041187903e-05; 
55.87914131492113; 2.6645617254e-05; 
56.3261744454405; 6.26851833658e-05; 
56.77320757595987; 3.680771988e-05; 
57.22024070647924; 2.9748876841e-05; 
57.66727383699861; 6.82450772729e-05; 
58.11430696751798; 7.75591834099e-05; 
58.56134009803735; 6.81647070451e-05; 
59.00837322855671; 7.39342067391e-05; 
59.45540635907609; 0.00136995932553; 
59.90243948959545; 0.00375955714844; 
60.34947262011482; 0.00253635761328; 
60.79650575063419; 0.000186424163985; 
61.24353888115356; 5.66675698792e-05; 
61.69057201167293; 4.14396708948e-05; 
62.1376051421923; 6.38814381091e-05; 
62.58463827271166; 8.33629892441e-05; 
63.03167140323104; 2.62902576651e-05; 
63.4787045337504; 8.11033241916e-05; 
63.92573766426977; 0.000209822348552; 
64.37277079478915; 0.000148706065374; 
64.81980392530851; 8.48540730658e-05; 
65.26683705582788; 6.1163555074e-05; 
65.71387018634725; 4.13092238887e-05; 
66.16090331686662; 9.08657966647e-05; 
66.60793644738598; 0.000203136878554; 
67.05496957790535; 0.00016286400205; 
67.50200270842473; 4.86788085254e-05; 
67.9490358389441; 3.83728038287e-05; 
68.39606896946347; 1.68766528077e-05; 
68.84310209998283; 4.74048611068e-05; 
69.2901352305022; 4.14992209699e-05; 
69.73716836102157; 7.60718394304e-05; 
70.18420149154095; 0.0001007432802; 
70.6312346220603; 3.02656626445e-05; 
71.07826775257968; 5.03373812535e-05; 
71.52530088309905; 3.77891374228e-05; 
71.97233401361842; 6.58808639855e-05; 
72.41936714413778; 6.38768542558e-05; 
72.86640027465715; 8.73811222846e-05; 
73.31343340517653; 5.21612273587e-05; 
73.7604665356959; 3.66893182218e-05; 
74.20749966621526; 3.48759094777e-05; 
74.65453279673463; 5.80610612815e-05; 
75.101565927254; 8.73429162311e-05; 
75.54859905777337; 6.62100501359e-05; 
75.99563218829273; 6.71945372233e-06; 
76.4426653188121; 1.93889918592e-05; 
76.88969844933148; 6.82941754349e-05; 
77.33673157985085; 7.95240193838e-05; 
77.78376471037022; 8.37782572489e-05; 
78.23079784088958; 2.6543480999e-05; 
78.67783097140895; 6.9118126703e-05; 
79.12486410192832; 0.000108697517135; 
79.5718972324477; 3.68051005353e-05; 
80.01893036296705; 1.34933834488e-05; 
80.46596349348643; 1.92536117538e-05; 
80.9129966240058; 7.17002694728e-05; 
81.36002975452517; 5.83940563956e-05; 
81.80706288504453; 3.99179079977e-05; 
82.2540960155639; 7.48276142986e-05; 
82.70112914608328; 6.23930682195e-05; 
83.14816227660265; 6.96813222021e-05; 
83.59519540712201; 8.85919507709e-05; 
84.04222853764138; 7.37639711588e-05; 
84.48926166816075; 0.0001225015003; 
84.93629479868012; 5.43217574887e-05; 
85.38332792919948; 3.13519085466e-05; 
85.83036105971885; 4.1743121983e-05; 
86.27739419023823; 3.46828164766e-05; 
86.7244273207576; 0.00010232940258; 
87.17146045127697; 9.48604647419e-05; 
87.61849358179633; 0.00014600760187; 
88.0655267123157; 0.000190061793546; 
88.51255984283507; 0.000127332343254; 
88.95959297335445; 0.00010584644042; 
89.4066261038738; 7.91062775534e-05; 
89.85365923439318; 5.27243719262e-05; 
90.30069236491255; 4.40330841229e-05; 
90.74772549543192; 5.41874796909e-05; 
91.19475862595128; 5.59560066904e-05; 
91.64179175647065; 2.10942016565e-05; 
92.08882488699003; 2.68302756012e-05; 
92.5358580175094; 2.79384676105e-05; 
92.98289114802876; 5.2924038755e-05; 
93.42992427854813; 6.30217327853e-05; 
93.8769574090675; 5.4140080465e-05; 
94.32399053958687; 5.60919506825e-05; 
94.77102367010623; 8.37669504108e-05; 
95.2180568006256; 9.77973031695e-05; 
95.66508993114498; 6.14410309936e-05; 
96.11212306166435; 7.45569195715e-05; 
96.55915619218372; 3.32158488163e-05; 
97.00618932270308; 0.000113137910375; 
97.45322245322245; 0.000156235895702; 
97.90025558374182; 7.06351129338e-05; 
98.3472887142612; 4.62436000817e-05; 
98.79432184478055; 3.76777461497e-05; 
99.24135497529993; 5.91111565882e-05; 
99.6883881058193; 4.38450551883e-05; 
100.1354212363387; 5.53693098482e-05; 
100.582454366858; 3.95700044464e-06; 
101.0294874973774; 4.47341881227e-05; 
101.4765206278968; 3.64398983947e-05; 
101.9235537584161; 4.47295824415e-05; 
102.3705868889355; 7.28492741473e-05; 
102.8176200194549; 6.25810280326e-05; 
103.2646531499743; 5.4879248637e-05; 
103.7116862804936; 0.000112133449875; 
104.158719411013; 5.81214953854e-05; 
104.6057525415324; 3.67568100046e-05; 
105.0527856720517; 5.08213561261e-05; 
105.4998188025711; 5.19405621162e-05; 
105.9468519330905; 5.92272481299e-05; 
106.3938850636098; 4.3180614739e-05; 
106.8409181941292; 2.56654111581e-05; 
107.2879513246486; 3.62286482414e-05; 
107.7349844551679; 1.11960107461e-05; 
108.1820175856873; 7.20703028492e-05; 
108.6290507162067; 7.39804454497e-05; 
109.076083846726; 4.66121309728e-05; 
109.5231169772454; 2.67391169473e-05; 
109.9701501077648; 3.2667627238e-05; 
110.4171832382842; 7.29872335796e-05; 
110.8642163688035; 6.95391718182e-05; 
111.3112494993229; 7.84444710007e-05; 
111.7582826298423; 8.11098434497e-05; 
112.2053157603616; 5.00290007039e-05; 
112.652348890881; 2.70438868029e-05; 
113.0993820214004; 3.64852276107e-05; 
113.5464151519197; 7.57818561397e-05; 
113.9934482824391; 8.81073137862e-05; 
114.4404814129585; 7.58318346925e-05; 
114.8875145434778; 5.30114994035e-05; 
115.3345476739972; 1.1840947991e-05; 
115.7815808045166; 4.16417460656e-05; 
116.228613935036; 4.39952709712e-05; 
116.6756470655553; 6.5075873863e-05; 
117.1226801960747; 6.73182557875e-06; 
117.5697133265941; 2.74420308415e-05; 
118.0167464571134; 3.2594496588e-05; 
118.4637795876328; 5.53541831323e-05; 
118.9108127181522; 5.90350900893e-05; 
119.3578458486715; 0.000146890233736; 
119.8048789791909; 0.000345880049281; 
120.2519121097103; 0.000276075588772; 
120.6989452402296; 5.48858624825e-05; 
121.145978370749; 3.25218243233e-05; 
121.5930115012684; 6.17291007075e-05; 
122.0400446317878; 4.76716195408e-05; 
122.4870777623071; 1.29159479911e-05; 
122.9341108928265; 8.79102481122e-06; 
123.3811440233459; 5.74097393837e-05; 
123.8281771538652; 9.81616394711e-05; 
124.2752102843846; 5.9302932641e-05; 
124.722243414904; 7.14189227438e-05; 
125.1692765454233; 0.000125350125018; 
125.6163096759427; 9.86355225905e-05; 
126.0633428064621; 5.88782568229e-05; 
126.5103759369814; 6.54243121971e-05; 
126.9574090675008; 9.79773103609e-05; 
127.4044421980202; 9.63233978837e-05; 
127.8514753285395; 0.000145927755511; 
128.2985084590589; 0.000117947703984; 
128.7455415895783; 1.8949232981e-05; 
129.1925747200977; 0.000101790952613; 
129.639607850617; 7.56344161346e-05; 
130.0866409811364; 5.66502421862e-05; 
130.5336741116558; 7.33728593332e-05; 
130.9807072421751; 5.08579505549e-05; 
131.4277403726945; 7.00291420799e-05; 
131.8747735032139; 5.81873719057e-05; 
132.3218066337332; 0.000125353311887; 
132.7688397642526; 0.000142668286571; 
133.215872894772; 6.53900715406e-05; 
133.6629060252913; 4.88681689603e-05; 
134.1099391558107; 5.02558323205e-05; 
134.5569722863301; 7.81978305895e-05; 
135.0040054168495; 9.03083418962e-05; 
135.4510385473688; 7.69646503613e-05; 
135.8980716778882; 0.00010039954941; 
136.3451048084076; 0.000121669443615; 
136.7921379389269; 0.000104023150925; 
137.2391710694463; 8.89892180567e-05; 
137.6862041999657; 8.72714881552e-05; 
138.133237330485; 7.19267773093e-05; 
138.5802704610044; 9.0905748948e-05; 
139.0273035915238; 0.000119541524327; 
139.4743367220431; 0.000112986010208; 
139.9213698525625; 1.5798748791e-05; 
140.3684029830819; 7.74344443926e-05; 
140.8154361136012; 3.5040480725e-05; 
141.2624692441206; 9.55462110142e-06; 
141.70950237464; 4.20742471761e-05; 
142.1565355051594; 8.45139220473e-05; 
142.6035686356787; 8.8090695499e-05; 
143.0506017661981; 5.47524032299e-05; 
143.4976348967175; 6.38886122033e-05; 
143.9446680272368; 6.24538661214e-05; 
144.3917011577562; 2.39590408455e-05; 
144.8387342882756; 3.09223214572e-05; 
145.2857674187949; 6.2908999098e-05; 
145.7328005493143; 6.46499247523e-05; 
146.1798336798337; 5.98265905865e-05; 
146.6268668103531; 6.92047178745e-05; 
147.0738999408724; 5.45605980733e-05; 
147.5209330713918; 5.402386887e-05; 
147.9679662019112; 6.77574644214e-05; 
148.4149993324305; 6.54920440866e-05; 
148.8620324629499; 4.71571765956e-05; 
149.3090655934693; 1.96524069906e-05; 
149.7560987239886; 2.39496694121e-05; 
150.203131854508; 1.89516613318e-05; 
150.6501649850274; 3.4566179238e-05; 
151.0971981155467; 5.85966809012e-05; 
151.5442312460661; 4.52445965493e-05; 
151.9912643765855; 5.25298128196e-05; 
152.4382975071048; 5.32112426299e-05; 
152.8853306376242; 5.6418875829e-06; 
153.3323637681436; 0.000102263918961; 
153.779396898663; 0.000108308566269; 
154.2264300291823; 8.03677830845e-05; 
154.6734631597017; 6.25545653747e-05; 
155.1204962902211; 2.71248536592e-05; 
155.5675294207404; 3.60876292689e-05; 
156.0145625512598; 5.66414892091e-05; 
156.4615956817792; 3.53820505552e-05; 
156.9086288122985; 8.19595516077e-05; 
157.3556619428179; 0.000125798236695; 
157.8026950733373; 6.84616825311e-05; 
158.2497282038566; 6.41390215605e-05; 
158.696761334376; 5.89462324569e-05; 
159.1437944648954; 6.54051909805e-05; 
159.5908275954147; 6.83445541654e-05; 
160.0378607259341; 6.57087075524e-05; 
160.4848938564535; 5.46067458345e-05; 
160.9319269869729; 6.55886833556e-05; 
161.3789601174922; 2.45658320637e-05; 
161.8259932480116; 4.27793092967e-05; 
162.273026378531; 6.55521362205e-05; 
162.7200595090503; 4.35325455328e-05; 
163.1670926395697; 3.35228542099e-05; 
163.6141257700891; 3.84296145057e-05; 
164.0611589006084; 3.19304199365e-05; 
164.5081920311278; 2.61190052697e-05; 
164.9552251616472; 3.15659963235e-05; 
165.4022582921666; 1.29713507704e-05; 
165.8492914226859; 3.10037503368e-05; 
166.2963245532053; 2.43402864726e-05; 
166.7433576837247; 5.40863948117e-05; 
167.190390814244; 6.69695145916e-05; 
167.6374239447634; 2.06924178201e-05; 
168.0844570752828; 4.1786734073e-05; 
168.5314902058021; 9.46684886003e-05; 
168.9785233363215; 0.000121181787108; 
169.4255564668409; 6.94201953593e-05; 
169.8725895973602; 6.52130838716e-05; 
170.3196227278796; 5.68644609302e-05; 
170.766655858399; 9.03672753338e-06; 
171.2136889889183; 2.36350588239e-05; 
171.6607221194377; 3.50279588019e-05; 
172.1077552499571; 2.87254697469e-05; 
172.5547883804765; 2.35238112509e-05; 
173.0018215109958; 2.29822944675e-05; 
173.4488546415152; 1.56904006872e-05; 
173.8958877720346; 8.14631566755e-05; 
174.3429209025539; 8.3385828475e-05; 
174.7899540330733; 6.01900501351e-05; 
175.2369871635927; 6.08948430454e-05; 
175.684020294112; 4.95854692417e-05; 
176.1310534246314; 5.29571407242e-05; 
176.5780865551508; 0.000129398700665; 
177.0251196856701; 9.84928992693e-05; 
177.4721528161895; 3.68594555766e-05; 
177.9191859467089; 6.40078797005e-05; 
178.3662190772282; 4.96728353028e-05; 
178.8132522077476; 0.000181674957275; 
179.260285338267; 0.000801872229204; 
179.7073184687864; 0.00565466005355; 
180.1543515993057; 0.0067165941; 
180.6013847298251; 0.00183221464977; 
181.0484178603445; 0.000120328062621; 
181.4954509908638; 0.00012216019968; 
181.9424841213832; 1.59813662322e-05; 
182.3895172519026; 3.96751092921e-05; 
182.8365503824219; 2.73665609711e-05; 
183.2835835129413; 9.17715151445e-05; 
183.7306166434607; 8.45010654302e-05; 
184.1776497739801; 5.78838662477e-05; 
184.6246829044994; 1.96925448108e-05; 
185.0717160350188; 3.02500538965e-05; 
185.5187491655382; 5.31261430297e-05; 
185.9657822960575; 5.8390734921e-05; 
186.4128154265769; 7.24952697055e-05; 
186.8598485570963; 4.78538204334e-05; 
187.3068816876156; 5.52322380827e-05; 
187.753914818135; 8.40284410515e-05; 
188.2009479486544; 5.13646373292e-05; 
188.6479810791737; 4.49711697001e-05; 
189.0950142096931; 6.20631471975e-05; 
189.5420473402125; 3.60820304195e-05; 
189.9890804707318; 5.31113837496e-05; 
190.4361136012512; 4.02989971917e-05; 
190.8831467317706; 6.23590403848e-06; 
191.33017986229; 7.35136127332e-05; 
191.7772129928093; 5.11930848006e-05; 
192.2242461233287; 4.35263900727e-05; 
192.6712792538481; 2.17633987631e-05; 
193.1183123843674; 7.52727501094e-05; 
193.5653455148868; 9.80817712843e-05; 
194.0123786454062; 3.27241687046e-05; 
194.4594117759255; 1.83447864401e-05; 
194.9064449064449; 2.21593272727e-05; 
195.3534780369643; 4.98660301673e-05; 
195.8005111674836; 3.24936518155e-05; 
196.247544298003; 4.25714933954e-05; 
196.6945774285224; 4.75474626001e-05; 
197.1416105590417; 2.18188397412e-05; 
197.5886436895611; 3.39604375768e-05; 
198.0356768200805; 4.81662173115e-05; 
198.4827099505999; 1.73705950601e-06; 
198.9297430811192; 6.77169809933e-05; 
199.3767762116386; 5.42636153114e-05; 
199.823809342158; 7.51310017222e-06; 
200.2708424726773; 9.08671700017e-06; 
200.7178756031967; 2.58356849372e-05; 
201.1649087337161; 2.10308062378e-05; 
201.6119418642354; 2.30315145018e-05; 
202.0589749947548; 4.31264234066e-05; 
202.5060081252742; 4.18105773861e-05; 
202.9530412557936; 8.36328108562e-05; 
203.4000743863129; 9.18991936487e-05; 
203.8471075168323; 6.02237705607e-05; 
204.2941406473517; 0.000102927901025; 
204.741173777871; 8.86111156433e-05; 
205.1882069083904; 5.77550090384e-05; 
205.6352400389098; 7.36577640055e-05; 
206.0822731694291; 4.10694010498e-05; 
206.5293062999485; 1.76458561327e-05; 
206.9763394304679; 7.77831301093e-05; 
207.4233725609872; 6.02141371928e-05; 
207.8704056915066; 6.4471278165e-05; 
208.317438822026; 3.84676095564e-05; 
208.7644719525453; 3.92055480916e-05; 
209.2115050830647; 8.17825130071e-05; 
209.6585382135841; 5.54648649995e-05; 
210.1055713441035; 3.69775225408e-05; 
210.5526044746228; 4.35084075434e-05; 
210.9996376051422; 5.06507558384e-06; 
211.4466707356616; 5.93553450017e-05; 
211.8937038661809; 6.1567639932e-05; 
212.3407369967003; 6.64158360451e-05; 
212.7877701272197; 4.0662522224e-05; 
213.234803257739; 4.25929320045e-05; 
213.6818363882584; 4.29016945418e-05; 
214.1288695187778; 5.30097531737e-05; 
214.5759026492971; 6.04256856604e-05; 
215.0229357798165; 4.85838972963e-05; 
215.4699689103359; 7.72718703956e-05; 
215.9170020408552; 0.000100627970824; 
216.3640351713746; 0.000108770298539; 
216.811068301894; 6.58290227875e-05; 
217.2581014324134; 9.9416829471e-05; 
217.7051345629327; 6.51477166684e-05; 
218.1521676934521; 6.81308156345e-05; 
218.5992008239715; 7.8944802226e-05; 
219.0462339544908; 2.80479180219e-05; 
219.4932670850102; 5.728601991e-06; 
219.9403002155296; 1.84051987162e-05; 
220.3873333460489; 1.79113358172e-05; 
220.8343664765683; 8.44450405566e-05; 
221.2813996070877; 8.78038335941e-05; 
221.7284327376071; 6.67055501253e-05; 
222.1754658681264; 5.75137710257e-05; 
222.6224989986458; 9.033788956e-05; 
223.0695321291652; 6.17718542344e-05; 
223.5165652596845; 4.21922377427e-05; 
223.9635983902039; 5.45556140423e-05; 
224.4106315207233; 4.34060384578e-05; 
224.8576646512426; 3.9502439904e-05; 
225.304697781762; 3.72076719941e-05; 
225.7517309122814; 5.12508922839e-05; 
226.1987640428007; 6.04347223998e-05; 
226.6457971733201; 9.46266081883e-05; 
227.0928303038395; 6.39569188934e-05; 
227.5398634343588; 2.32656348089e-05; 
227.9868965648782; 3.72194299416e-05; 
228.4339296953976; 4.70085542474e-05; 
228.880962825917; 1.7339165197e-06; 
229.3279959564363; 4.8895002692e-05; 
229.7750290869557; 3.93773843825e-05; 
230.2220622174751; 1.76010180439e-05; 
230.6690953479944; 2.82797154796e-05; 
231.1161284785138; 8.214385889e-05; 
231.5631616090332; 0.000108755244582; 
232.0101947395525; 0.00010789730004; 
232.4572278700719; 0.000114516769827; 
232.9042610005913; 7.79879337642e-05; 
233.3512941311106; 2.58423206105e-05; 
233.79832726163; 4.09377644246e-05; 
234.2453603921494; 5.46880110051e-05; 
234.6923935226687; 5.01039503433e-05; 
235.1394266531881; 4.36264454038e-05; 
235.5864597837075; 0.000103992002551; 
236.0334929142269; 0.000111835055577; 
236.4805260447462; 7.4791663792e-05; 
236.9275591752656; 0.000105464801891; 
237.374592305785; 6.47919077892e-05; 
237.8216254363043; 4.09209496866e-05; 
238.2686585668237; 4.77719331684e-05; 
238.7156916973431; 6.47726992611e-05; 
239.1627248278624; 4.8508089094e-05; 
239.6097579583818; 6.04596243647e-05; 
240.0567910889012; 0.000172386789927; 
240.5038242194206; 0.000140647258377; 
240.9508573499399; 8.27281764941e-05; 
241.3978904804593; 3.71384594473e-05; 
241.8449236109787; 2.57742503891e-05; 
242.291956741498; 1.40153706525e-05; 
242.7389898720174; 4.36207983512e-06; 
243.1860230025368; 7.15488131391e-05; 
243.6330561330561; 7.73744832259e-05; 
244.0800892635755; 4.04231759603e-05; 
244.5271223940949; 7.06100690877e-05; 
244.9741555246142; 9.85274236882e-05; 
245.4211886551336; 8.92905663932e-05; 
245.868221785653; 4.22518896812e-05; 
246.3152549161723; 1.07039468276e-05; 
246.7622880466917; 2.06635158975e-05; 
247.2093211772111; 8.81771484273e-05; 
247.6563543077305; 7.91485363152e-05; 
248.1033874382498; 6.89697262715e-05; 
248.5504205687692; 9.76345254458e-05; 
248.9974536992886; 7.70528786234e-05; 
249.4444868298079; 2.37071508309e-05; 
249.8915199603273; 4.04212805734e-05; 
250.3385530908467; 3.60936028301e-05; 
250.785586221366; 3.24419779645e-05; 
251.2326193518854; 4.44604593213e-05; 
251.6796524824048; 1.78951122507e-05; 
252.1266856129241; 4.6444216423e-05; 
252.5737187434435; 3.18611128023e-05; 
253.0207518739629; 1.5969888409e-05; 
253.4677850044822; 1.43571696753e-05; 
253.9148181350016; 3.70772540919e-05; 
254.361851265521; 5.69098883716e-05; 
254.8088843960404; 5.97401049163e-05; 
255.2559175265597; 6.84852857376e-05; 
255.7029506570791; 8.05158269941e-05; 
256.1499837875984; 4.39326649939e-05; 
256.5970169181178; 3.5596494854e-05; 
257.0440500486372; 3.82313373848e-05; 
257.4910831791566; 4.66547789983e-05; 
257.9381163096759; 6.60284276819e-05; 
258.3851494401953; 5.78174076509e-05; 
258.8321825707147; 4.7075925977e-05; 
259.279215701234; 6.75431729178e-05; 
259.7262488317534; 5.49345422769e-05; 
260.1732819622728; 2.40436220338e-05; 
260.6203150927922; 3.52409624611e-05; 
261.0673482233115; 1.89001184481e-05; 
261.5143813538309; 4.47204693046e-05; 
261.9614144843503; 5.42196721653e-05; 
262.4084476148697; 1.60362942552e-05; 
262.855480745389; 3.94380986108e-05; 
263.3025138759083; 4.64112818008e-05; 
263.7495470064277; 1.95130505745e-05; 
264.1965801369471; 5.79157167522e-05; 
264.6436132674665; 1.84046984941e-05; 
265.0906463979858; 3.36632256221e-05; 
265.5376795285052; 6.33449308225e-05; 
265.9847126590246; 0.00012048411736; 
266.4317457895439; 9.185125964e-05; 
266.8787789200633; 4.29099891335e-05; 
267.3258120505827; 0.000104008118797; 
267.7728451811021; 2.1539570298e-05; 
268.2198783116214; 9.74017966655e-05; 
268.6669114421408; 0.000112275636639; 
269.1139445726602; 3.76058560505e-05; 
269.5609777031796; 3.387851757e-05; 
270.0080108336989; 2.04872649192e-05; 
270.4550439642182; 3.6420966353e-05; 
270.9020770947376; 5.82672328164e-05; 
271.349110225257; 1.68396345543e-05; 
271.7961433557764; 2.35248808167e-05; 
272.2431764862957; 4.6834218665e-05; 
272.6902096168151; 9.46272120927e-05; 
273.1372427473345; 8.89664152055e-05; 
273.5842758778539; 6.01542124059e-05; 
274.0313090083732; 4.79418922623e-05; 
274.4783421388926; 4.65154225822e-05; 
274.925375269412; 8.15323292045e-05; 
275.3724083999313; 0.00012209606939; 
275.8194415304507; 7.02770485077e-05; 
276.2664746609701; 1.48465987877e-05; 
276.7135077914895; 1.77815036295e-05; 
277.1605409220088; 3.54428048013e-05; 
277.6075740525282; 4.57385431218e-05; 
278.0546071830476; 4.09162239521e-05; 
278.5016403135669; 5.86256428505e-05; 
278.9486734440863; 8.43026500661e-05; 
279.3957065746056; 8.9509114332e-05; 
279.842739705125; 7.79672845965e-05; 
280.2897728356444; 5.26109870407e-05; 
280.7368059661638; 2.13322618947e-05; 
281.1838390966831; 2.55341765296e-05; 
281.6308722272025; 3.33321295329e-05; 
282.0779053577219; 2.7878993933e-05; 
282.5249384882412; 3.29494178004e-05; 
282.9719716187606; 6.04821434536e-05; 
283.41900474928; 1.59195478773e-05; 
283.8660378797994; 6.51493464829e-05; 
284.3130710103187; 2.98674258374e-05; 
284.7601041408381; 8.02608883532e-06; 
285.2071372713575; 4.29572282883e-05; 
285.6541704018768; 4.00355420425e-05; 
286.1012035323962; 3.17242484016e-05; 
286.5482366629155; 1.80129445653e-05; 
286.9952697934349; 7.01562894392e-05; 
287.4423029239543; 7.72056446294e-05; 
287.8893360544737; 4.58126196463e-05; 
288.336369184993; 5.88324728596e-05; 
288.7834023155124; 8.07480100775e-05; 
289.2304354460318; 5.32067861059e-05; 
289.6774685765511; 4.65239172627e-05; 
290.1245017070705; 4.21873955929e-05; 
290.5715348375899; 6.43980965833e-05; 
291.0185679681093; 4.59176553704e-05; 
291.4656010986286; 1.3795468476e-05; 
291.912634229148; 2.94715573546e-05; 
292.3596673596674; 2.76340851997e-05; 
292.8067004901867; 6.6602260631e-05; 
293.2537336207061; 8.18536427687e-05; 
293.7007667512254; 5.98686310695e-05; 
294.1477998817448; 5.79515399295e-05; 
294.5948330122642; 8.90664450708e-05; 
295.0418661427836; 6.50883594062e-05; 
295.4888992733029; 3.77558826585e-05; 
295.9359324038223; 7.10904205334e-05; 
296.3829655343417; 9.37193908612e-05; 
296.829998664861; 6.95482303854e-05; 
297.2770317953804; 5.87875947531e-05; 
297.7240649258998; 5.80465130042e-05; 
298.1710980564192; 5.55913247808e-05; 
298.6181311869385; 6.16020988673e-05; 
299.0651643174579; 3.74064584321e-05; 
299.5121974479773; 0.00150624732487; 
299.9592305784967; 0.00322137167677; 
300.406263709016; 0.00178608961869; 
300.8532968395353; 0.000102230704215; 
301.3003299700547; 2.34267645283e-05; 
301.7473631005741; 5.8150399127e-05; 
302.1943962310935; 6.67062267894e-05; 
302.6414293616128; 2.19301855395e-05; 
303.0884624921322; 4.06823201047e-05; 
303.5354956226516; 1.9152994355e-05; 
303.9825287531709; 4.25108300988e-05; 
304.4295618836903; 2.28981934924e-05; 
304.8765950142097; 6.16129400441e-05; 
305.3236281447291; 7.16746217222e-05; 
305.7706612752484; 7.93193321442e-05; 
306.2176944057678; 5.71081181988e-05; 
306.6647275362872; 3.54106996383e-05; 
307.1117606668066; 2.35702736973e-05; 
307.5587937973259; 5.08225093654e-05; 
308.0058269278452; 5.29424760316e-05; 
308.4528600583646; 2.24326158786e-05; 
308.899893188884; 4.43863100372e-05; 
309.3469263194034; 5.7364373788e-05; 
309.7939594499227; 2.4705330361e-05; 
310.2409925804421; 3.74120172637e-05; 
310.6880257109615; 2.01194216061e-05; 
311.1350588414809; 3.62040555046e-05; 
311.5820919720002; 6.00496241532e-05; 
312.0291251025196; 4.95160456921e-05; 
312.476158233039; 2.36089053942e-05; 
312.9231913635583; 7.82206116128e-05; 
313.3702244940777; 5.88293696637e-05; 
313.8172576245971; 3.75750169042e-05; 
314.2642907551165; 7.98841483629e-06; 
314.7113238856358; 3.32508643623e-05; 
315.1583570161552; 6.79368677083e-05; 
315.6053901466746; 1.85163953574e-05; 
316.0524232771939; 7.17032817192e-05; 
316.4994564077133; 7.55301807658e-05; 
316.9464895382326; 6.70385852573e-05; 
317.393522668752; 4.31870103057e-05; 
317.8405557992714; 2.78669904219e-05; 
