% Module: Scope, ID: c0p1t6p1cfm0
% Device: DEV7225
% Time: 2026/04/06 18:57:32
% Wave Channel 1, /dev7225/scopes/0/wave.0BWN
% Wave Channel 2, /dev7225/scopes/0/wave.1BWN
% Frequency (Hz); Wave Channel 1  Spectral Density (V/√Hz); Wave Channel 2  Spectral Density (√Hz)
0; 0.0294497553259; 
0.447033130519369; 0.183747366071; 
0.8940662610387381; 0.0407233536243; 
1.341099391558107; 0.0100245820358; 
1.788132522077476; 0.00409531826153; 
2.235165652596845; 0.00190848589409; 
2.682198783116214; 0.00139650609344; 
3.129231913635584; 0.000524860748556; 
3.576265044154952; 0.00058978254674; 
4.023298174674322; 0.00030050316127; 
4.470331305193691; 0.000181201772648; 
4.917364435713059; 0.000367399625247; 
5.364397566232428; 0.00018796348013; 
5.811430696751797; 0.00022146529227; 
6.258463827271167; 0.000119101852761; 
6.705496957790536; 0.000218774919631; 
7.152530088309905; 0.000206701588468; 
7.599563218829274; 0.000244350172579; 
8.046596349348643; 0.000106871135358; 
8.493629479868012; 0.000139782408951; 
8.940662610387381; 9.21954488149e-05; 
9.38769574090675; 8.87926507858e-05; 
9.834728871426119; 0.000165198813193; 
10.28176200194549; 5.28711534571e-05; 
10.72879513246486; 7.31345717213e-05; 
11.17582826298423; 8.64660687512e-05; 
11.62286139350359; 0.000108636093501; 
12.06989452402297; 0.000183243813808; 
12.51692765454233; 0.000177346955752; 
12.9639607850617; 0.000155514513608; 
13.41099391558107; 0.000191952494788; 
13.85802704610044; 0.000167117526871; 
14.30506017661981; 9.75010407274e-05; 
14.75209330713918; 6.19566853857e-05; 
15.19912643765855; 6.62633610773e-05; 
15.64615956817792; 0.000145503538079; 
16.09319269869729; 0.000176294255652; 
16.54022582921666; 0.0002074574586; 
16.98725895973602; 0.000141850032378; 
17.43429209025539; 6.81064993842e-05; 
17.88132522077476; 6.67528511258e-05; 
18.32835835129413; 1.30153803184e-05; 
18.7753914818135; 4.79212503706e-05; 
19.22242461233287; 0.00015885157336; 
19.66945774285224; 0.000146585836774; 
20.11649087337161; 6.46588741802e-05; 
20.56352400389098; 0.000106021005195; 
21.01055713441034; 4.7208777687e-05; 
21.45759026492971; 4.8222442274e-05; 
21.90462339544908; 0.000110285887786; 
22.35165652596845; 0.000125047736219; 
22.79868965648782; 7.20139214536e-05; 
23.24572278700719; 3.05857029161e-05; 
23.69275591752656; 4.75090346299e-05; 
24.13978904804593; 5.63574285479e-05; 
24.5868221785653; 5.68153809581e-05; 
25.03385530908467; 4.98857953062e-05; 
25.48088843960404; 5.33361308044e-05; 
25.92792157012341; 6.66263877065e-05; 
26.37495470064277; 6.59749421175e-05; 
26.82198783116214; 9.94131405605e-05; 
27.26902096168151; 8.52664306876e-05; 
27.71605409220088; 2.16053758777e-05; 
28.16308722272025; 9.84616126516e-05; 
28.61012035323962; 7.59689864935e-05; 
29.05715348375899; 6.9310037361e-05; 
29.50418661427836; 7.41141629987e-05; 
29.95121974479773; 9.65209983406e-05; 
30.39825287531709; 9.8908371001e-05; 
30.84528600583646; 4.03414123866e-05; 
31.29231913635583; 0.000105417580926; 
31.7393522668752; 8.93250544323e-05; 
32.18638539739457; 3.84700615541e-05; 
32.63341852791394; 0.000103632526589; 
33.08045165843331; 3.21067527693e-05; 
33.52748478895268; 7.65064905863e-05; 
33.97451791947205; 8.71651864145e-05; 
34.42155104999141; 5.3480052884e-05; 
34.86858418051079; 5.24653769389e-05; 
35.31561731103015; 9.25173881114e-05; 
35.76265044154952; 0.000110263637907; 
36.20968357206889; 2.60976466961e-05; 
36.65671670258826; 0.000176152141648; 
37.10374983310763; 0.000185668002814; 
37.550782963627; 5.52949786652e-05; 
37.99781609414637; 7.31138861738e-05; 
38.44484922466574; 0.000127520033857; 
38.89188235518511; 3.87488471461e-05; 
39.33891548570448; 6.16147517576e-05; 
39.78594861622385; 6.92894755048e-05; 
40.23298174674321; 6.61928861518e-05; 
40.68001487726259; 0.000166273428476; 
41.12704800778195; 0.000158041759278; 
41.57408113830132; 9.05827182578e-05; 
42.02111426882069; 7.92088831076e-05; 
42.46814739934006; 4.83690091642e-05; 
42.91518052985943; 8.87438145583e-05; 
43.3622136603788; 9.52875197981e-05; 
43.80924679089816; 0.000109466491267; 
44.25627992141754; 8.15166567918e-05; 
44.7033130519369; 9.63604834396e-05; 
45.15034618245627; 8.86053603608e-05; 
45.59737931297564; 7.72864150349e-05; 
46.04441244349501; 3.77263531846e-05; 
46.49144557401438; 2.77492999885e-05; 
46.93847870453375; 5.23507478647e-05; 
47.38551183505312; 6.28492125543e-05; 
47.83254496557249; 5.25310642843e-05; 
48.27957809609186; 0.000121030359878; 
48.72661122661123; 0.000106935185613; 
49.1736443571306; 9.88677420537e-05; 
49.62067748764996; 8.51416334626e-05; 
50.06771061816934; 3.95840506826e-05; 
50.5147437486887; 9.7346608527e-05; 
50.96177687920807; 0.000135214839247; 
51.40881000972744; 0.000263635447482; 
51.85584314024681; 0.00016090576537; 
52.30287627076618; 0.000156369918841; 
52.74990940128555; 0.000140578733408; 
53.19694253180491; 5.20021676493e-05; 
53.64397566232429; 0.000130324013298; 
54.09100879284365; 0.0001183968634; 
54.53804192336302; 0.000127122126287; 
54.98507505388239; 3.37455712724e-05; 
55.43210818440176; 1.55232628458e-05; 
55.87914131492113; 7.56921290304e-05; 
56.3261744454405; 0.000185351193068; 
56.77320757595987; 0.000172036321601; 
57.22024070647924; 0.000119476208056; 
57.66727383699861; 0.000104070648376; 
58.11430696751798; 0.000171959865838; 
58.56134009803735; 0.000135763795697; 
59.00837322855671; 0.00021827009914; 
59.45540635907609; 0.00139661761932; 
59.90243948959545; 0.00416100863367; 
60.34947262011482; 0.00294589507394; 
60.79650575063419; 0.000319552462315; 
61.24353888115356; 5.05344178237e-05; 
61.69057201167293; 0.000142370336107; 
62.1376051421923; 0.000176121669938; 
62.58463827271166; 8.95374178072e-05; 
63.03167140323104; 3.04719051201e-05; 
63.4787045337504; 0.000199479211005; 
63.92573766426977; 0.000257402076386; 
64.37277079478915; 0.0001530337031; 
64.81980392530851; 0.000137782582897; 
65.26683705582788; 0.000155929184984; 
65.71387018634725; 0.000142019431223; 
66.16090331686662; 0.000132012806716; 
66.60793644738598; 0.000196793291252; 
67.05496957790535; 0.000246697600232; 
67.50200270842473; 0.000198427485884; 
67.9490358389441; 8.57644336065e-05; 
68.39606896946347; 7.14156994945e-05; 
68.84310209998283; 4.17107912654e-06; 
69.2901352305022; 5.75309277338e-05; 
69.73716836102157; 7.20093230484e-05; 
70.18420149154095; 9.8410910141e-06; 
70.6312346220603; 1.4358251974e-05; 
71.07826775257968; 6.07195761404e-05; 
71.52530088309905; 0.000132686356665; 
71.97233401361842; 0.000105135572085; 
72.41936714413778; 8.2157603174e-06; 
72.86640027465715; 4.98984481965e-05; 
73.31343340517653; 5.84429035371e-05; 
73.7604665356959; 6.67630010867e-05; 
74.20749966621526; 8.93659816938e-05; 
74.65453279673463; 0.00010867077799; 
75.101565927254; 8.35557148093e-05; 
75.54859905777337; 2.12299746636e-05; 
75.99563218829273; 0.000128948071506; 
76.4426653188121; 0.000153919158038; 
76.88969844933148; 9.61975747487e-05; 
77.33673157985085; 7.33354827389e-05; 
77.78376471037022; 0.000106838451757; 
78.23079784088958; 0.000114705588203; 
78.67783097140895; 0.000101407640614; 
79.12486410192832; 0.000148453560541; 
79.5718972324477; 8.39869389893e-05; 
80.01893036296705; 6.77118587191e-05; 
80.46596349348643; 2.92384847853e-05; 
80.9129966240058; 4.2997959099e-05; 
81.36002975452517; 0.000100994198874; 
81.80706288504453; 0.000135211041197; 
82.2540960155639; 3.47482600773e-05; 
82.70112914608328; 8.51112708915e-05; 
83.14816227660265; 3.50642658304e-05; 
83.59519540712201; 0.000127906547277; 
84.04222853764138; 0.000152226202772; 
84.48926166816075; 0.000122043929878; 
84.93629479868012; 7.99787303549e-05; 
85.38332792919948; 6.91453096806e-05; 
85.83036105971885; 9.97566821752e-05; 
86.27739419023823; 8.76630510902e-05; 
86.7244273207576; 9.04086482478e-05; 
87.17146045127697; 7.07405706635e-05; 
87.61849358179633; 4.95550157211e-05; 
88.0655267123157; 3.96446048399e-05; 
88.51255984283507; 5.87571848882e-05; 
88.95959297335445; 8.26523755677e-05; 
89.4066261038738; 0.000135764712468; 
89.85365923439318; 0.000107729407318; 
90.30069236491255; 0.000108610045572; 
90.74772549543192; 4.50371735496e-05; 
91.19475862595128; 2.91281940008e-05; 
91.64179175647065; 3.91128414776e-05; 
92.08882488699003; 6.2004524807e-05; 
92.5358580175094; 5.27826341568e-05; 
92.98289114802876; 7.01453027432e-05; 
93.42992427854813; 5.73483048356e-05; 
93.8769574090675; 0.000106388659333; 
94.32399053958687; 5.01899667142e-05; 
94.77102367010623; 5.62013956369e-05; 
95.2180568006256; 7.34760833438e-05; 
95.66508993114498; 9.53129856498e-05; 
96.11212306166435; 0.000129674212076; 
96.55915619218372; 0.000168342565303; 
97.00618932270308; 0.000169221049873; 
97.45322245322245; 0.000110719163786; 
97.90025558374182; 0.000100852383184; 
98.3472887142612; 4.32160304626e-05; 
98.79432184478055; 7.55319997552e-05; 
99.24135497529993; 0.000126655722852; 
99.6883881058193; 0.000137842580443; 
100.1354212363387; 7.59050308261e-05; 
100.582454366858; 3.90829409298e-05; 
101.0294874973774; 9.29758170969e-05; 
101.4765206278968; 0.000115767783427; 
101.9235537584161; 1.06978059193e-05; 
102.3705868889355; 7.41750845918e-05; 
102.8176200194549; 4.10254469898e-05; 
103.2646531499743; 0.000103769052657; 
103.7116862804936; 0.000153011089424; 
104.158719411013; 0.000111775123514; 
104.6057525415324; 0.000132551518618; 
105.0527856720517; 0.000168119746377; 
105.4998188025711; 8.59578358359e-05; 
105.9468519330905; 4.46548729087e-05; 
106.3938850636098; 3.6064440792e-05; 
106.8409181941292; 5.94196208112e-05; 
107.2879513246486; 7.75133521529e-05; 
107.7349844551679; 8.70478907018e-05; 
108.1820175856873; 0.000111593028123; 
108.6290507162067; 0.000118301126349; 
109.076083846726; 6.34017706034e-05; 
109.5231169772454; 8.71959564392e-05; 
109.9701501077648; 0.000163551158039; 
110.4171832382842; 0.000150932144606; 
110.8642163688035; 0.000171644089278; 
111.3112494993229; 0.000212512473809; 
111.7582826298423; 9.01590392459e-05; 
112.2053157603616; 3.27111811202e-05; 
112.652348890881; 2.94542660413e-05; 
113.0993820214004; 5.72240460315e-05; 
113.5464151519197; 9.522986511e-05; 
113.9934482824391; 9.57291049417e-05; 
114.4404814129585; 7.86644450272e-05; 
114.8875145434778; 7.35727444408e-05; 
115.3345476739972; 5.32582271262e-05; 
115.7815808045166; 5.68018731428e-05; 
116.228613935036; 8.66793270689e-05; 
116.6756470655553; 6.59409633954e-05; 
117.1226801960747; 5.12636288477e-05; 
117.5697133265941; 5.44672293472e-05; 
118.0167464571134; 7.51937986934e-05; 
118.4637795876328; 8.3691898908e-05; 
118.9108127181522; 7.27292717784e-05; 
119.3578458486715; 6.14522359683e-05; 
119.8048789791909; 0.000362721038982; 
120.2519121097103; 0.000336738856276; 
120.6989452402296; 0.000112659727165; 
121.145978370749; 0.000117091083666; 
121.5930115012684; 0.000119152216939; 
122.0400446317878; 0.000144429781358; 
122.4870777623071; 0.000150573032442; 
122.9341108928265; 0.000236152656726; 
123.3811440233459; 0.000301066349493; 
123.8281771538652; 0.000244528404437; 
124.2752102843846; 0.000170609142515; 
124.722243414904; 0.00015960476594; 
125.1692765454233; 8.09169796412e-05; 
125.6163096759427; 1.43834549817e-05; 
126.0633428064621; 4.16655202571e-05; 
126.5103759369814; 7.32879707357e-05; 
126.9574090675008; 0.000135568538099; 
127.4044421980202; 6.37957418803e-05; 
127.8514753285395; 0.000149317071191; 
128.2985084590589; 9.91219931166e-05; 
128.7455415895783; 6.54568211758e-05; 
129.1925747200977; 0.000131864173454; 
129.639607850617; 0.000130414540763; 
130.0866409811364; 7.52424020902e-05; 
130.5336741116558; 9.65857107076e-05; 
130.9807072421751; 0.000148322375026; 
131.4277403726945; 8.73563112691e-05; 
131.8747735032139; 6.87502688379e-05; 
132.3218066337332; 1.5024901586e-05; 
132.7688397642526; 0.000171881707502; 
133.215872894772; 0.000261319801211; 
133.6629060252913; 6.60045698169e-05; 
134.1099391558107; 0.000114400019811; 
134.5569722863301; 4.47128986707e-05; 
135.0040054168495; 0.000165141173056; 
135.4510385473688; 0.000122339173686; 
135.8980716778882; 2.67628074653e-05; 
136.3451048084076; 8.00419948064e-05; 
136.7921379389269; 6.6263062763e-05; 
137.2391710694463; 5.12803671882e-05; 
137.6862041999657; 3.43299470842e-05; 
138.133237330485; 0.000175393783138; 
138.5802704610044; 0.000250616838457; 
139.0273035915238; 0.000152560620336; 
139.4743367220431; 5.27652373421e-05; 
139.9213698525625; 5.41971276107e-05; 
140.3684029830819; 4.30312902608e-05; 
140.8154361136012; 8.53955207276e-05; 
141.2624692441206; 6.51302252663e-05; 
141.70950237464; 7.21951146261e-05; 
142.1565355051594; 6.39820646029e-05; 
142.6035686356787; 5.53378158656e-05; 
143.0506017661981; 3.20238177665e-05; 
143.4976348967175; 0.000146016667713; 
143.9446680272368; 0.000195890985196; 
144.3917011577562; 0.000143259749166; 
144.8387342882756; 0.000136780974572; 
145.2857674187949; 0.000100916528027; 
145.7328005493143; 0.000100565739558; 
146.1798336798337; 0.000105001861812; 
146.6268668103531; 0.000120190707094; 
147.0738999408724; 6.60809455439e-05; 
147.5209330713918; 7.37342052162e-05; 
147.9679662019112; 5.18104352523e-05; 
148.4149993324305; 7.43657219573e-05; 
148.8620324629499; 0.000151224070578; 
149.3090655934693; 8.85213157744e-05; 
149.7560987239886; 3.43686515407e-05; 
150.203131854508; 9.61471232586e-05; 
150.6501649850274; 8.39386557345e-05; 
151.0971981155467; 7.80442132964e-05; 
151.5442312460661; 0.000115974566143; 
151.9912643765855; 7.52935811761e-05; 
152.4382975071048; 9.13535623113e-05; 
152.8853306376242; 8.3969309344e-05; 
153.3323637681436; 0.000117133291496; 
153.779396898663; 6.94970003678e-05; 
154.2264300291823; 3.00295923807e-05; 
154.6734631597017; 7.61955889175e-05; 
155.1204962902211; 0.000150267544086; 
155.5675294207404; 9.49005916482e-05; 
156.0145625512598; 3.48819448845e-05; 
156.4615956817792; 7.60119219194e-05; 
156.9086288122985; 0.000101301819086; 
157.3556619428179; 0.000109055683424; 
157.8026950733373; 5.62605637242e-05; 
158.2497282038566; 6.92257017363e-05; 
158.696761334376; 6.87503488734e-05; 
159.1437944648954; 9.49114473769e-05; 
159.5908275954147; 5.76162274228e-05; 
160.0378607259341; 5.64626316191e-05; 
160.4848938564535; 0.000142818331369; 
160.9319269869729; 0.000194848529645; 
161.3789601174922; 0.000185530909221; 
161.8259932480116; 7.17680231901e-05; 
162.273026378531; 0.000108848296804; 
162.7200595090503; 9.5780895208e-05; 
163.1670926395697; 5.31141304236e-05; 
163.6141257700891; 0.000126404600451; 
164.0611589006084; 0.000129746927996; 
164.5081920311278; 3.36110388162e-05; 
164.9552251616472; 0.000112765905214; 
165.4022582921666; 0.000119202799397; 
165.8492914226859; 6.9243607868e-05; 
166.2963245532053; 0.000102141471871; 
166.7433576837247; 7.98068576842e-05; 
167.190390814244; 5.67944880459e-05; 
167.6374239447634; 0.000131410546601; 
168.0844570752828; 9.33984847507e-05; 
168.5314902058021; 0.000108252417704; 
168.9785233363215; 0.000121809338452; 
169.4255564668409; 1.79373037099e-05; 
169.8725895973602; 2.84234320134e-05; 
170.3196227278796; 0.000146351623698; 
170.766655858399; 0.000118665127957; 
171.2136889889183; 8.89004950295e-05; 
171.6607221194377; 6.95200360497e-05; 
172.1077552499571; 0.000118354626466; 
172.5547883804765; 0.000192424995475; 
173.0018215109958; 0.000105012477434; 
173.4488546415152; 7.59453541832e-05; 
173.8958877720346; 0.000208858531551; 
174.3429209025539; 0.000218505694647; 
174.7899540330733; 7.02890902176e-05; 
175.2369871635927; 0.000106020888779; 
175.684020294112; 3.50446753146e-05; 
176.1310534246314; 8.81985615706e-05; 
176.5780865551508; 9.31825488806e-05; 
177.0251196856701; 8.20361601654e-05; 
177.4721528161895; 8.637632709e-05; 
177.9191859467089; 0.000132264991407; 
178.3662190772282; 6.97265131748e-05; 
178.8132522077476; 0.000149695872096; 
179.260285338267; 0.000541046669241; 
179.7073184687864; 0.00558465439826; 
180.1543515993057; 0.00754243461415; 
180.6013847298251; 0.00239475909621; 
181.0484178603445; 0.000107060783193; 
181.4954509908638; 0.000183358817594; 
181.9424841213832; 9.14532138268e-05; 
182.3895172519026; 9.00960949366e-05; 
182.8365503824219; 9.97393944999e-05; 
183.2835835129413; 5.89814553678e-05; 
183.7306166434607; 7.23701305105e-05; 
184.1776497739801; 1.72701093106e-05; 
184.6246829044994; 7.30066749384e-05; 
185.0717160350188; 3.0425389923e-05; 
185.5187491655382; 3.71745190932e-05; 
185.9657822960575; 5.41497865925e-05; 
186.4128154265769; 1.25318374558e-05; 
186.8598485570963; 5.67164497625e-05; 
187.3068816876156; 0.000111670262413; 
187.753914818135; 5.57221537747e-05; 
188.2009479486544; 2.35215866269e-05; 
188.6479810791737; 9.39978490351e-05; 
189.0950142096931; 2.75079382845e-05; 
189.5420473402125; 0.000118979296531; 
189.9890804707318; 8.67963171913e-05; 
190.4361136012512; 0.000120180673548; 
190.8831467317706; 7.76370579842e-05; 
191.33017986229; 7.79793263064e-05; 
191.7772129928093; 8.49704083521e-05; 
192.2242461233287; 4.29127285315e-05; 
192.6712792538481; 3.09627939714e-05; 
193.1183123843674; 3.12219817715e-05; 
193.5653455148868; 7.91254933574e-05; 
194.0123786454062; 8.00214475021e-05; 
194.4594117759255; 5.13191043865e-05; 
194.9064449064449; 3.16362311423e-05; 
195.3534780369643; 6.88762011123e-05; 
195.8005111674836; 7.88690667832e-05; 
196.247544298003; 0.000134092842927; 
196.6945774285224; 5.01376125612e-05; 
197.1416105590417; 4.65020930278e-05; 
197.5886436895611; 0.000133928086143; 
198.0356768200805; 0.000178549584234; 
198.4827099505999; 0.00012441171566; 
198.9297430811192; 0.000102496436739; 
199.3767762116386; 0.000160954296007; 
199.823809342158; 0.000125290418509; 
200.2708424726773; 0.000294202356599; 
200.7178756031967; 0.000247426447459; 
201.1649087337161; 0.000113187452371; 
201.6119418642354; 7.28638624423e-05; 
202.0589749947548; 6.77077259752e-05; 
202.5060081252742; 1.51109870785e-05; 
202.9530412557936; 6.86375497025e-05; 
203.4000743863129; 0.000114783251774; 
203.8471075168323; 0.000133980967803; 
204.2941406473517; 0.000160418669111; 
204.741173777871; 0.000108847321826; 
205.1882069083904; 7.29452076484e-05; 
205.6352400389098; 8.99847145774e-05; 
206.0822731694291; 5.91937714489e-05; 
206.5293062999485; 6.08066911809e-05; 
206.9763394304679; 0.000134504152811; 
207.4233725609872; 0.000106717903691; 
207.8704056915066; 4.53495595139e-05; 
208.317438822026; 2.75314105238e-05; 
208.7644719525453; 4.44111174147e-05; 
209.2115050830647; 7.50308317947e-05; 
209.6585382135841; 3.91575340473e-05; 
210.1055713441035; 0.000123758320115; 
210.5526044746228; 9.75170842139e-05; 
210.9996376051422; 3.58610304829e-05; 
211.4466707356616; 2.38941684074e-05; 
211.8937038661809; 0.000111553592433; 
212.3407369967003; 9.57210504566e-05; 
212.7877701272197; 8.86228153831e-05; 
213.234803257739; 0.000191084007383; 
213.6818363882584; 0.000214019368286; 
214.1288695187778; 0.00016590305313; 
214.5759026492971; 0.000103371341538; 
215.0229357798165; 4.89169142384e-05; 
215.4699689103359; 0.000109879554657; 
215.9170020408552; 5.82523025514e-05; 
216.3640351713746; 9.82253186521e-06; 
216.811068301894; 8.43382949824e-05; 
217.2581014324134; 0.000157396090799; 
217.7051345629327; 7.79146212153e-05; 
218.1521676934521; 0.000128519779537; 
218.5992008239715; 0.000173206572072; 
219.0462339544908; 0.000115361355711; 
219.4932670850102; 4.53208922409e-05; 
219.9403002155296; 3.84590057365e-05; 
220.3873333460489; 0.000100975834357; 
220.8343664765683; 0.000104471866507; 
221.2813996070877; 8.48297204357e-05; 
221.7284327376071; 2.2185535272e-05; 
222.1754658681264; 6.37727353023e-05; 
222.6224989986458; 0.000100018398371; 
223.0695321291652; 0.000128347790451; 
223.5165652596845; 0.000111731671495; 
223.9635983902039; 0.000103670419776; 
224.4106315207233; 0.000105287297629; 
224.8576646512426; 2.42946280196e-05; 
225.304697781762; 3.08219896397e-05; 
225.7517309122814; 4.2961917643e-05; 
226.1987640428007; 5.89542578382e-05; 
226.6457971733201; 3.53557043127e-05; 
227.0928303038395; 8.08929180494e-05; 
227.5398634343588; 7.92394785094e-05; 
227.9868965648782; 8.69908981258e-05; 
228.4339296953976; 5.40472974535e-05; 
228.880962825917; 2.21708578465e-05; 
229.3279959564363; 1.71390602191e-05; 
229.7750290869557; 7.80454647611e-05; 
230.2220622174751; 9.05281995074e-05; 
230.6690953479944; 3.85701168852e-05; 
231.1161284785138; 6.64068647893e-05; 
231.5631616090332; 7.66307130107e-05; 
232.0101947395525; 6.326570292e-05; 
232.4572278700719; 8.18723638076e-05; 
232.9042610005913; 0.000127940249513; 
233.3512941311106; 0.000128369560116; 
233.79832726163; 8.43691159389e-05; 
234.2453603921494; 0.000101396035461; 
234.6923935226687; 7.69190082792e-05; 
235.1394266531881; 0.000115628965432; 
235.5864597837075; 0.000148501887452; 
236.0334929142269; 6.42877275823e-05; 
236.4805260447462; 2.51894925896e-05; 
236.9275591752656; 5.09956953465e-05; 
237.374592305785; 5.38908498129e-05; 
237.8216254363043; 8.06247917353e-05; 
238.2686585668237; 0.000216160682612; 
238.7156916973431; 0.000170167069882; 
239.1627248278624; 5.42345405847e-05; 
239.6097579583818; 0.000126360813738; 
240.0567910889012; 0.000302651780657; 
240.5038242194206; 0.000242148365942; 
240.9508573499399; 0.000119136457215; 
241.3978904804593; 0.000148261329741; 
241.8449236109787; 0.000206189710298; 
242.291956741498; 0.000175166962435; 
242.7389898720174; 9.70294277067e-05; 
243.1860230025368; 0.000107824416773; 
243.6330561330561; 4.28437524533e-05; 
244.0800892635755; 0.000153796980157; 
244.5271223940949; 0.000170502215042; 
244.9741555246142; 5.10465397383e-05; 
245.4211886551336; 8.57273698784e-05; 
245.868221785653; 0.000105335850094; 
246.3152549161723; 5.16294494446e-05; 
246.7622880466917; 2.69972024398e-05; 
247.2093211772111; 6.25761676929e-05; 
247.6563543077305; 7.96902895672e-05; 
248.1033874382498; 5.35134131496e-05; 
248.5504205687692; 0.000147336759255; 
248.9974536992886; 0.000110882385343; 
249.4444868298079; 7.26155558368e-05; 
249.8915199603273; 9.70629043877e-05; 
250.3385530908467; 7.43536656955e-05; 
250.785586221366; 1.14703452709e-05; 
251.2326193518854; 1.01407904367e-05; 
251.6796524824048; 5.31029445483e-06; 
252.1266856129241; 2.92292879749e-05; 
252.5737187434435; 6.79128279444e-05; 
253.0207518739629; 6.53524548397e-05; 
253.4677850044822; 7.70081678638e-05; 
253.9148181350016; 6.25215761829e-05; 
254.361851265521; 6.07709043834e-05; 
254.8088843960404; 9.06387576833e-05; 
255.2559175265597; 0.000116389230243; 
255.7029506570791; 1.10471364678e-05; 
256.1499837875984; 7.9763449321e-05; 
256.5970169181178; 6.13110314589e-05; 
257.0440500486372; 5.07654040121e-05; 
257.4910831791566; 0.00012292615429; 
257.9381163096759; 0.000178559013875; 
258.3851494401953; 0.000149960629642; 
258.8321825707147; 9.84621219686e-05; 
259.279215701234; 1.80082115548e-05; 
259.7262488317534; 8.95656412467e-05; 
260.1732819622728; 4.01108227379e-05; 
260.6203150927922; 0.000145152167534; 
261.0673482233115; 0.000205847332836; 
261.5143813538309; 7.35055000405e-05; 
261.9614144843503; 0.000144729070598; 
262.4084476148697; 0.000120422875625; 
262.855480745389; 7.88959659985e-05; 
263.3025138759083; 0.000139659081469; 
263.7495470064277; 0.000133384586661; 
264.1965801369471; 8.90409137355e-05; 
264.6436132674665; 6.1146565713e-05; 
265.0906463979858; 7.36490328563e-05; 
265.5376795285052; 0.000118833377201; 
265.9847126590246; 8.27700423542e-05; 
266.4317457895439; 5.119524576e-05; 
266.8787789200633; 4.97658729728e-05; 
267.3258120505827; 3.88944899896e-05; 
267.7728451811021; 3.69952613255e-05; 
268.2198783116214; 5.95534293097e-05; 
268.6669114421408; 7.74308864493e-05; 
269.1139445726602; 4.88379555463e-05; 
269.5609777031796; 7.39573006285e-05; 
270.0080108336989; 8.85054105311e-05; 
270.4550439642182; 0.000127224717289; 
270.9020770947376; 0.000186314384337; 
271.349110225257; 0.000151641492266; 
271.7961433557764; 5.36943844054e-05; 
272.2431764862957; 1.68118476722e-05; 
272.6902096168151; 4.19762072852e-05; 
273.1372427473345; 2.4057144401e-05; 
273.5842758778539; 2.07949688047e-05; 
274.0313090083732; 0.00010529368592; 
274.4783421388926; 0.000110110646347; 
274.925375269412; 0.000122470286442; 
275.3724083999313; 0.000157427421072; 
275.8194415304507; 0.000104518891021; 
276.2664746609701; 4.37962189608e-05; 
276.7135077914895; 1.43522347571e-05; 
277.1605409220088; 0.000110255830805; 
277.6075740525282; 0.000158584312885; 
278.0546071830476; 0.00012937093561; 
278.5016403135669; 0.000137399809319; 
278.9486734440863; 9.17558936635e-05; 
279.3957065746056; 0.000176863060915; 
279.842739705125; 7.78580943006e-05; 
280.2897728356444; 0.000105298946437; 
280.7368059661638; 0.000137972849188; 
281.1838390966831; 0.000104975792055; 
281.6308722272025; 2.59977969108e-05; 
282.0779053577219; 7.73015199229e-05; 
282.5249384882412; 0.000177817695658; 
282.9719716187606; 0.000221158508793; 
283.41900474928; 0.00019922235515; 
283.8660378797994; 0.00011794459715; 
284.3130710103187; 4.49841099908e-05; 
284.7601041408381; 2.14620577026e-05; 
285.2071372713575; 3.55896772817e-05; 
285.6541704018768; 8.13536535134e-05; 
286.1012035323962; 7.94720763224e-05; 
286.5482366629155; 4.34558169218e-05; 
286.9952697934349; 3.84477243642e-05; 
287.4423029239543; 3.90062123188e-05; 
287.8893360544737; 5.60539956496e-05; 
288.336369184993; 5.023979611e-05; 
288.7834023155124; 5.5445034377e-05; 
289.2304354460318; 0.000117612806207; 
289.6774685765511; 9.52091068029e-05; 
290.1245017070705; 5.7593202655e-05; 
290.5715348375899; 3.15831948683e-06; 
291.0185679681093; 3.60776793968e-05; 
291.4656010986286; 9.13380572456e-05; 
291.912634229148; 7.810126408e-05; 
292.3596673596674; 3.45828152604e-06; 
292.8067004901867; 4.03051162721e-05; 
293.2537336207061; 9.7842028481e-05; 
293.7007667512254; 9.97110328171e-05; 
294.1477998817448; 0.000132061730255; 
294.5948330122642; 7.19032104826e-05; 
295.0418661427836; 3.02088810713e-05; 
295.4888992733029; 9.77233576123e-05; 
295.9359324038223; 0.000103160520666; 
296.3829655343417; 9.99684925773e-05; 
296.829998664861; 0.000188944482943; 
297.2770317953804; 0.00012765986321; 
297.7240649258998; 0.000145857644384; 
298.1710980564192; 0.000163147895364; 
298.6181311869385; 0.000125790815218; 
299.0651643174579; 9.86248996924e-05; 
299.5121974479773; 0.00113395089284; 
299.9592305784967; 0.00331410067156; 
300.406263709016; 0.00230332068168; 
300.8532968395353; 0.000157929622219; 
301.3003299700547; 0.000108064363303; 
301.7473631005741; 0.000132423680043; 
302.1943962310935; 0.000102642974525; 
302.6414293616128; 9.79950564215e-05; 
303.0884624921322; 5.95896271989e-05; 
303.5354956226516; 1.09341799543e-05; 
303.9825287531709; 7.08579245838e-05; 
304.4295618836903; 0.000130861604703; 
304.8765950142097; 9.51014299062e-05; 
305.3236281447291; 5.4592746892e-05; 
305.7706612752484; 3.72476461052e-05; 
306.2176944057678; 0.000101290082966; 
306.6647275362872; 0.000110121683974; 
307.1117606668066; 0.000105404033093; 
307.5587937973259; 0.000143538287375; 
308.0058269278452; 8.7004424131e-05; 
308.4528600583646; 2.59365224338e-05; 
308.899893188884; 3.51319249603e-05; 
309.3469263194034; 3.64038496627e-05; 
309.7939594499227; 5.42048219359e-05; 
310.2409925804421; 4.11341934523e-05; 
310.6880257109615; 3.27110756189e-05; 
311.1350588414809; 4.20373398811e-05; 
311.5820919720002; 3.66622443835e-05; 
312.0291251025196; 9.79731412372e-05; 
312.476158233039; 0.000106681873149; 
312.9231913635583; 9.71350091277e-05; 
313.3702244940777; 0.000182502888492; 
313.8172576245971; 0.000141906421049; 
314.2642907551165; 0.000119789292512; 
314.7113238856358; 2.71216376859e-05; 
315.1583570161552; 9.694165783e-05; 
315.6053901466746; 6.62916281726e-05; 
316.0524232771939; 0.00010883777577; 
316.4994564077133; 9.74886570475e-05; 
316.9464895382326; 3.53406103386e-05; 
317.393522668752; 0.000102749072539; 
317.8405557992714; 0.000150741747348; 
318.2875889297908; 0.000178474059794; 
