% Module: Scope, ID: c0p1t6p1cfm0
% Device: DEV7225
% Time: 2026/04/06 19:06:27
% Wave Channel 1, /dev7225/scopes/0/wave.0BWN
% Wave Channel 2, /dev7225/scopes/0/wave.1BWN
% Frequency (Hz); Wave Channel 1  Spectral Density (V/√Hz); Wave Channel 2  Spectral Density (√Hz)
0; 0.0161352101713; 
0.447033130519369; 0.0209956280887; 
0.8940662610387381; 0.00410130433738; 
1.341099391558107; 0.00104394380469; 
1.788132522077476; 0.000423794554081; 
2.235165652596845; 0.000211140592; 
2.682198783116214; 0.000101684730907; 
3.129231913635584; 0.000202566719963; 
3.576265044154952; 5.96369536652e-05; 
4.023298174674322; 4.003459253e-05; 
4.470331305193691; 4.93509032822e-05; 
4.917364435713059; 2.24263640121e-05; 
5.364397566232428; 4.94624764542e-05; 
5.811430696751797; 2.97710521409e-05; 
6.258463827271167; 8.38858613861e-06; 
6.705496957790536; 5.74702607992e-05; 
7.152530088309905; 6.91317909514e-05; 
7.599563218829274; 2.82636920019e-05; 
8.046596349348643; 2.28225871979e-05; 
8.493629479868012; 1.08186923171e-05; 
8.940662610387381; 2.85208152491e-05; 
9.38769574090675; 3.25291039189e-05; 
9.834728871426119; 5.5353379139e-05; 
10.28176200194549; 2.50974808296e-05; 
10.72879513246486; 2.6843023079e-05; 
11.17582826298423; 1.57432696142e-05; 
11.62286139350359; 5.16738509759e-05; 
12.06989452402297; 9.26915163291e-05; 
12.51692765454233; 7.15450078133e-05; 
12.9639607850617; 7.20450843801e-05; 
13.41099391558107; 0.00011074453505; 
13.85802704610044; 9.78678508545e-05; 
14.30506017661981; 4.42721793661e-05; 
14.75209330713918; 4.27724808105e-05; 
15.19912643765855; 8.15268322185e-06; 
15.64615956817792; 5.39759203093e-05; 
16.09319269869729; 2.20703095692e-05; 
16.54022582921666; 3.70079069398e-05; 
16.98725895973602; 3.84707964258e-05; 
17.43429209025539; 1.17115823741e-05; 
17.88132522077476; 2.75123766187e-05; 
18.32835835129413; 3.32105446432e-05; 
18.7753914818135; 1.22826677398e-05; 
19.22242461233287; 5.55379301659e-05; 
19.66945774285224; 7.89090336184e-05; 
20.11649087337161; 5.38180902367e-05; 
20.56352400389098; 5.62305831409e-05; 
21.01055713441034; 6.58145581838e-05; 
21.45759026492971; 4.86427525175e-05; 
21.90462339544908; 1.70482035173e-05; 
22.35165652596845; 2.55153845501e-05; 
22.79868965648782; 4.08086962125e-05; 
23.24572278700719; 4.74358166684e-05; 
23.69275591752656; 4.04465099564e-05; 
24.13978904804593; 3.90398490708e-05; 
24.5868221785653; 7.7575474279e-05; 
25.03385530908467; 8.48695781315e-05; 
25.48088843960404; 4.8442172556e-05; 
25.92792157012341; 3.2347983506e-05; 
26.37495470064277; 5.64805231988e-05; 
26.82198783116214; 4.23481724283e-05; 
27.26902096168151; 9.55914947554e-06; 
27.71605409220088; 1.23837462525e-05; 
28.16308722272025; 3.598341209e-05; 
28.61012035323962; 2.97019469144e-05; 
29.05715348375899; 3.21736588376e-05; 
29.50418661427836; 2.84808375e-05; 
29.95121974479773; 2.79836531263e-05; 
30.39825287531709; 3.59989207936e-05; 
30.84528600583646; 1.13222231448e-05; 
31.29231913635583; 3.46707383869e-05; 
31.7393522668752; 5.39517131983e-05; 
32.18638539739457; 1.76709691004e-05; 
32.63341852791394; 3.80507663067e-05; 
33.08045165843331; 3.87707041227e-05; 
33.52748478895268; 2.37131062022e-05; 
33.97451791947205; 2.55309696513e-05; 
34.42155104999141; 6.00003550062e-05; 
34.86858418051079; 4.06554572692e-05; 
35.31561731103015; 2.07650682569e-05; 
35.76265044154952; 4.58048725704e-06; 
36.20968357206889; 1.76196863322e-05; 
36.65671670258826; 3.4699056414e-05; 
37.10374983310763; 5.15175124747e-05; 
37.550782963627; 4.08583437093e-05; 
37.99781609414637; 2.22271901293e-05; 
38.44484922466574; 2.28129811148e-05; 
38.89188235518511; 2.41778507188e-05; 
39.33891548570448; 4.24945355917e-05; 
39.78594861622385; 9.21707760426e-05; 
40.23298174674321; 7.32875487301e-05; 
40.68001487726259; 1.10339706225e-05; 
41.12704800778195; 2.92989443551e-06; 
41.57408113830132; 1.01152036223e-05; 
42.02111426882069; 3.4020984458e-05; 
42.46814739934006; 7.22802069504e-05; 
42.91518052985943; 2.58739873971e-05; 
43.3622136603788; 4.2373972974e-05; 
43.80924679089816; 4.91902210342e-05; 
44.25627992141754; 7.10897729732e-05; 
44.7033130519369; 8.70762087288e-05; 
45.15034618245627; 4.26709193562e-05; 
45.59737931297564; 4.88701662107e-05; 
46.04441244349501; 0.000108965396066; 
46.49144557401438; 5.11336438649e-05; 
46.93847870453375; 1.32461345856e-05; 
47.38551183505312; 5.36210973223e-05; 
47.83254496557249; 3.69592235074e-05; 
48.27957809609186; 3.30707953253e-05; 
48.72661122661123; 4.66537276225e-05; 
49.1736443571306; 5.376637273e-05; 
49.62067748764996; 4.8004258133e-05; 
50.06771061816934; 4.20774958911e-05; 
50.5147437486887; 2.84951092908e-05; 
50.96177687920807; 5.17202206538e-05; 
51.40881000972744; 7.42385600461e-05; 
51.85584314024681; 3.07219634124e-05; 
52.30287627076618; 4.30236650573e-05; 
52.74990940128555; 4.64480363007e-05; 
53.19694253180491; 2.18905443035e-05; 
53.64397566232429; 2.19351659325e-05; 
54.09100879284365; 2.72205143119e-05; 
54.53804192336302; 5.39266584383e-05; 
54.98507505388239; 8.19650740596e-05; 
55.43210818440176; 5.38679232704e-05; 
55.87914131492113; 3.21921615978e-05; 
56.3261744454405; 4.12299450545e-05; 
56.77320757595987; 3.46860142599e-05; 
57.22024070647924; 6.57864802633e-05; 
57.66727383699861; 9.04425687622e-05; 
58.11430696751798; 8.49259013194e-05; 
58.56134009803735; 9.61117475526e-05; 
59.00837322855671; 6.47534616292e-05; 
59.45540635907609; 0.00123789755162; 
59.90243948959545; 0.00314407539554; 
60.34947262011482; 0.00202152854763; 
60.79650575063419; 0.000159802133567; 
61.24353888115356; 1.82995445357e-05; 
61.69057201167293; 3.15331781167e-05; 
62.1376051421923; 4.53924185422e-05; 
62.58463827271166; 4.91684986628e-05; 
63.03167140323104; 6.99029260431e-05; 
63.4787045337504; 7.44389908505e-05; 
63.92573766426977; 0.000116425784654; 
64.37277079478915; 6.8392859248e-05; 
64.81980392530851; 3.13301388815e-05; 
65.26683705582788; 2.80617914541e-05; 
65.71387018634725; 2.02640585485e-05; 
66.16090331686662; 2.27095188166e-05; 
66.60793644738598; 0.000149890736793; 
67.05496957790535; 0.00012145817891; 
67.50200270842473; 7.91008133092e-05; 
67.9490358389441; 6.80481098243e-05; 
68.39606896946347; 2.01480725082e-05; 
68.84310209998283; 1.53706041601e-05; 
69.2901352305022; 1.42556291394e-05; 
69.73716836102157; 2.96092512144e-05; 
70.18420149154095; 3.3480097045e-05; 
70.6312346220603; 3.16846308124e-05; 
71.07826775257968; 3.38994686899e-05; 
71.52530088309905; 5.36449842912e-05; 
71.97233401361842; 3.85910316254e-05; 
72.41936714413778; 2.07393204619e-05; 
72.86640027465715; 2.1330155505e-05; 
73.31343340517653; 3.19838218275e-05; 
73.7604665356959; 2.13738276216e-05; 
74.20749966621526; 3.15124270855e-05; 
74.65453279673463; 2.21009340748e-05; 
75.101565927254; 2.58497238974e-05; 
75.54859905777337; 1.64519478858e-05; 
75.99563218829273; 3.498366641e-05; 
76.4426653188121; 4.43882818217e-05; 
76.88969844933148; 5.13535596838e-05; 
77.33673157985085; 0.000104437960545; 
77.78376471037022; 8.45044487505e-05; 
78.23079784088958; 1.47729142554e-05; 
78.67783097140895; 8.25657480163e-05; 
79.12486410192832; 9.60150864557e-05; 
79.5718972324477; 0.00011389964493; 
80.01893036296705; 0.000164169672644; 
80.46596349348643; 0.000165010555065; 
80.9129966240058; 0.000160889467224; 
81.36002975452517; 0.000114477479656; 
81.80706288504453; 0.00010891189595; 
82.2540960155639; 0.000166489015101; 
82.70112914608328; 0.000233870348893; 
83.14816227660265; 0.000277239043498; 
83.59519540712201; 0.000168863203726; 
84.04222853764138; 7.88821052993e-05; 
84.48926166816075; 6.33442687104e-05; 
84.93629479868012; 6.68944194331e-05; 
85.38332792919948; 3.58638317266e-05; 
85.83036105971885; 2.83355602733e-05; 
86.27739419023823; 6.82107638568e-05; 
86.7244273207576; 5.67056231375e-05; 
87.17146045127697; 4.56975940324e-05; 
87.61849358179633; 7.36913934816e-05; 
88.0655267123157; 8.81961896084e-05; 
88.51255984283507; 8.16058018245e-05; 
88.95959297335445; 6.44203682896e-05; 
89.4066261038738; 7.95184241724e-05; 
89.85365923439318; 0.00011385018297; 
90.30069236491255; 6.01757237746e-05; 
90.74772549543192; 6.44583706162e-05; 
91.19475862595128; 7.06959763193e-05; 
91.64179175647065; 3.77639553335e-05; 
92.08882488699003; 2.80287804344e-05; 
92.5358580175094; 0.000161610150826; 
92.98289114802876; 0.000247264339123; 
93.42992427854813; 0.000312478485284; 
93.8769574090675; 0.000298643484712; 
94.32399053958687; 0.000234437698964; 
94.77102367010623; 0.000164879194926; 
95.2180568006256; 0.000138418996357; 
95.66508993114498; 0.000120346259791; 
96.11212306166435; 8.06886819191e-05; 
96.55915619218372; 7.0806228905e-05; 
97.00618932270308; 3.96085451939e-05; 
97.45322245322245; 2.94382771244e-05; 
97.90025558374182; 4.87254947075e-05; 
98.3472887142612; 7.13356421329e-05; 
98.79432184478055; 8.28988850117e-05; 
99.24135497529993; 5.38948588655e-05; 
99.6883881058193; 5.63825997233e-05; 
100.1354212363387; 5.6676355598e-05; 
100.582454366858; 1.04582259155e-05; 
101.0294874973774; 1.61935040524e-05; 
101.4765206278968; 2.40136159846e-05; 
101.9235537584161; 4.73056643386e-05; 
102.3705868889355; 6.59845863993e-06; 
102.8176200194549; 4.27865634265e-05; 
103.2646531499743; 6.09912967775e-05; 
103.7116862804936; 5.29792596353e-05; 
104.158719411013; 2.50446173595e-05; 
104.6057525415324; 3.98551201215e-05; 
105.0527856720517; 3.96781615564e-05; 
105.4998188025711; 1.1426223864e-05; 
105.9468519330905; 3.5141081753e-05; 
106.3938850636098; 6.19808997726e-05; 
106.8409181941292; 3.73980183213e-05; 
107.2879513246486; 1.57093800226e-05; 
107.7349844551679; 2.34105918935e-05; 
108.1820175856873; 3.21283660014e-05; 
108.6290507162067; 2.64273858193e-05; 
109.076083846726; 6.3944964495e-05; 
109.5231169772454; 6.86125204084e-05; 
109.9701501077648; 5.10873433086e-05; 
110.4171832382842; 3.9460050175e-05; 
110.8642163688035; 3.20383514918e-05; 
111.3112494993229; 1.44481864481e-05; 
111.7582826298423; 5.42019297427e-05; 
112.2053157603616; 7.11602042429e-05; 
112.652348890881; 5.55453625566e-05; 
113.0993820214004; 4.07209299738e-05; 
113.5464151519197; 3.82201033062e-05; 
113.9934482824391; 5.57862149435e-05; 
114.4404814129585; 4.04705751862e-05; 
114.8875145434778; 2.03113650059e-05; 
115.3345476739972; 4.44750112365e-05; 
115.7815808045166; 4.98146837344e-05; 
116.228613935036; 6.21022845735e-05; 
116.6756470655553; 7.39401148167e-05; 
117.1226801960747; 4.54162436654e-05; 
117.5697133265941; 1.34684769364e-05; 
118.0167464571134; 5.77111386519e-05; 
118.4637795876328; 4.03024387197e-05; 
118.9108127181522; 4.25988364441e-05; 
119.3578458486715; 5.69725016248e-05; 
119.8048789791909; 0.000254961953033; 
120.2519121097103; 0.000221665308345; 
120.6989452402296; 7.8124445281e-05; 
121.145978370749; 2.87282018689e-05; 
121.5930115012684; 1.92378065549e-05; 
122.0400446317878; 7.00887103449e-05; 
122.4870777623071; 2.97848509945e-05; 
122.9341108928265; 2.4021963327e-05; 
123.3811440233459; 1.08750955405e-05; 
123.8281771538652; 6.78082215018e-05; 
124.2752102843846; 7.68789104768e-05; 
124.722243414904; 9.81577159109e-06; 
125.1692765454233; 2.12526738324e-05; 
125.6163096759427; 3.72431131836e-05; 
126.0633428064621; 2.9276481655e-05; 
126.5103759369814; 3.41692466463e-05; 
126.9574090675008; 3.93595364585e-05; 
127.4044421980202; 3.6481400457e-05; 
127.8514753285395; 0.000131298264023; 
128.2985084590589; 6.63578975946e-05; 
128.7455415895783; 5.52156780032e-05; 
129.1925747200977; 2.67728737526e-05; 
129.639607850617; 1.37839988383e-05; 
130.0866409811364; 2.86357208097e-05; 
130.5336741116558; 5.51051016373e-05; 
130.9807072421751; 5.16368418175e-05; 
131.4277403726945; 3.27079287672e-05; 
131.8747735032139; 3.82411017199e-05; 
132.3218066337332; 4.22060147685e-05; 
132.7688397642526; 4.10111942983e-06; 
133.215872894772; 6.32514411336e-06; 
133.6629060252913; 1.97788067453e-05; 
134.1099391558107; 1.47286045831e-05; 
134.5569722863301; 2.67883169727e-05; 
135.0040054168495; 3.08317357849e-05; 
135.4510385473688; 2.20659385377e-05; 
135.8980716778882; 1.42638800753e-05; 
136.3451048084076; 2.22460130317e-05; 
136.7921379389269; 2.59795215243e-05; 
137.2391710694463; 3.47779350705e-05; 
137.6862041999657; 1.72584623215e-05; 
138.133237330485; 1.64573139045e-05; 
138.5802704610044; 1.1715635992e-05; 
139.0273035915238; 2.15590443986e-05; 
139.4743367220431; 2.61458390014e-05; 
139.9213698525625; 3.50207774318e-05; 
140.3684029830819; 3.87761647289e-05; 
140.8154361136012; 1.54299832502e-05; 
141.2624692441206; 1.88607373275e-05; 
141.70950237464; 2.56515031651e-05; 
142.1565355051594; 4.20530841438e-06; 
142.6035686356787; 2.34134513448e-05; 
143.0506017661981; 1.70971470652e-05; 
143.4976348967175; 6.94755499353e-06; 
143.9446680272368; 1.35477393997e-05; 
144.3917011577562; 1.45779813465e-05; 
144.8387342882756; 2.21155241888e-05; 
145.2857674187949; 2.10708112718e-05; 
145.7328005493143; 4.05105529353e-05; 
146.1798336798337; 6.22497900622e-05; 
146.6268668103531; 2.69034953817e-05; 
147.0738999408724; 4.74370754091e-05; 
147.5209330713918; 4.47180354968e-05; 
147.9679662019112; 7.82032566349e-06; 
148.4149993324305; 2.67942468781e-05; 
148.8620324629499; 1.42266644616e-05; 
149.3090655934693; 4.55249064544e-05; 
149.7560987239886; 6.05000277574e-05; 
150.203131854508; 4.9457183195e-05; 
150.6501649850274; 3.80451492674e-05; 
151.0971981155467; 4.69510159746e-05; 
151.5442312460661; 5.00432615809e-05; 
151.9912643765855; 3.61185666407e-05; 
152.4382975071048; 2.10914713534e-05; 
152.8853306376242; 1.17574945762e-05; 
153.3323637681436; 1.95223383344e-05; 
153.779396898663; 1.40554675454e-05; 
154.2264300291823; 2.7329506338e-05; 
154.6734631597017; 1.22148157971e-05; 
155.1204962902211; 4.27596824011e-05; 
155.5675294207404; 3.75287199859e-05; 
156.0145625512598; 2.94082892651e-05; 
156.4615956817792; 4.13580819441e-05; 
156.9086288122985; 2.76162991213e-05; 
157.3556619428179; 3.92639267375e-05; 
157.8026950733373; 6.66711639496e-05; 
158.2497282038566; 4.91480495839e-05; 
158.696761334376; 4.00271892431e-05; 
159.1437944648954; 3.50044683728e-05; 
159.5908275954147; 2.64568825514e-05; 
160.0378607259341; 8.75929708855e-06; 
160.4848938564535; 2.90421467071e-05; 
160.9319269869729; 2.00224894797e-05; 
161.3789601174922; 3.6346475099e-05; 
161.8259932480116; 5.05878924741e-05; 
162.273026378531; 5.04229356011e-05; 
162.7200595090503; 4.47216480097e-05; 
163.1670926395697; 7.48813399696e-05; 
163.6141257700891; 0.000106127306935; 
164.0611589006084; 9.05649358174e-05; 
164.5081920311278; 7.4275136285e-05; 
164.9552251616472; 7.30684114387e-05; 
165.4022582921666; 3.23175081576e-05; 
165.8492914226859; 5.89611299802e-05; 
166.2963245532053; 7.53137283027e-05; 
166.7433576837247; 6.7494387622e-05; 
167.190390814244; 4.52038293588e-05; 
167.6374239447634; 1.92078223336e-05; 
168.0844570752828; 3.61983693438e-05; 
168.5314902058021; 3.53450268449e-05; 
168.9785233363215; 4.00536919187e-05; 
169.4255564668409; 3.94980197598e-05; 
169.8725895973602; 2.92120307677e-06; 
170.3196227278796; 5.74372970732e-05; 
170.766655858399; 5.73156867176e-05; 
171.2136889889183; 3.22977248288e-05; 
171.6607221194377; 4.22224438807e-05; 
172.1077552499571; 2.00111899176e-05; 
172.5547883804765; 2.58131058217e-05; 
173.0018215109958; 2.82242890535e-05; 
173.4488546415152; 8.34561524243e-06; 
173.8958877720346; 3.26235567627e-05; 
174.3429209025539; 3.07678274112e-05; 
174.7899540330733; 9.49224795477e-06; 
175.2369871635927; 2.62709872914e-05; 
175.684020294112; 4.99791967741e-05; 
176.1310534246314; 5.91313983023e-05; 
176.5780865551508; 3.70222805941e-05; 
177.0251196856701; 9.21675200516e-06; 
177.4721528161895; 1.11605531856e-05; 
177.9191859467089; 8.00558700575e-05; 
178.3662190772282; 6.22639563517e-05; 
178.8132522077476; 0.000132300105179; 
179.260285338267; 0.00109821907245; 
179.7073184687864; 0.00505947042257; 
180.1543515993057; 0.00488168234006; 
180.6013847298251; 0.000900556391571; 
181.0484178603445; 0.000159845018061; 
181.4954509908638; 3.86221581721e-05; 
181.9424841213832; 5.00805326737e-05; 
182.3895172519026; 7.15212900104e-06; 
182.8365503824219; 3.91694629798e-05; 
183.2835835129413; 4.01919605793e-05; 
183.7306166434607; 4.60422525066e-05; 
184.1776497739801; 1.98272045964e-05; 
184.6246829044994; 8.70348685567e-06; 
185.0717160350188; 2.87327857222e-05; 
185.5187491655382; 2.00963640964e-05; 
185.9657822960575; 1.37824217745e-05; 
186.4128154265769; 4.83354197058e-05; 
186.8598485570963; 6.43369421596e-05; 
187.3068816876156; 5.34551099918e-06; 
187.753914818135; 3.14571552735e-05; 
188.2009479486544; 3.90025015804e-05; 
188.6479810791737; 8.57551731315e-06; 
189.0950142096931; 1.65891888173e-05; 
189.5420473402125; 1.04147629827e-05; 
189.9890804707318; 2.16021289816e-05; 
190.4361136012512; 5.76740712859e-05; 
190.8831467317706; 4.87491270178e-05; 
191.33017986229; 2.96146263281e-05; 
191.7772129928093; 5.97678117629e-05; 
192.2242461233287; 3.16289842885e-05; 
192.6712792538481; 7.24206438463e-06; 
193.1183123843674; 1.72058553289e-05; 
193.5653455148868; 1.14826461868e-05; 
194.0123786454062; 1.03972843135e-05; 
194.4594117759255; 4.75424531032e-06; 
194.9064449064449; 2.15400305024e-05; 
195.3534780369643; 4.54518085462e-05; 
195.8005111674836; 3.27490597556e-05; 
196.247544298003; 7.59770455261e-06; 
196.6945774285224; 1.75740951818e-05; 
197.1416105590417; 1.13194000733e-05; 
197.5886436895611; 2.49238109973e-05; 
198.0356768200805; 2.91020405712e-05; 
198.4827099505999; 4.62817697553e-05; 
198.9297430811192; 4.82656687382e-05; 
199.3767762116386; 2.27151922445e-05; 
199.823809342158; 6.53711103951e-05; 
200.2708424726773; 8.57369523146e-05; 
200.7178756031967; 7.96836611698e-05; 
201.1649087337161; 2.78516417893e-05; 
201.6119418642354; 1.82187504834e-05; 
202.0589749947548; 1.66810023075e-05; 
202.5060081252742; 4.2412775656e-05; 
202.9530412557936; 4.33911554865e-05; 
203.4000743863129; 2.00717431653e-06; 
203.8471075168323; 3.75957388314e-05; 
204.2941406473517; 1.8853954316e-05; 
204.741173777871; 8.05072977528e-06; 
205.1882069083904; 2.12147115235e-05; 
205.6352400389098; 2.9536371585e-05; 
206.0822731694291; 1.26175891637e-05; 
206.5293062999485; 4.17383744207e-05; 
206.9763394304679; 5.60250991839e-05; 
207.4233725609872; 2.42494152189e-05; 
207.8704056915066; 7.09074402039e-06; 
208.317438822026; 2.75411530311e-05; 
208.7644719525453; 2.8748441764e-05; 
209.2115050830647; 2.02035207622e-05; 
209.6585382135841; 1.27404773593e-05; 
210.1055713441035; 1.73619719135e-05; 
210.5526044746228; 3.68945511582e-05; 
210.9996376051422; 4.10511383961e-05; 
211.4466707356616; 1.06484731077e-05; 
211.8937038661809; 2.47773641604e-05; 
212.3407369967003; 4.03388185077e-05; 
212.7877701272197; 2.50489647442e-05; 
213.234803257739; 3.0402221455e-05; 
213.6818363882584; 3.14428798447e-05; 
214.1288695187778; 2.44533875957e-05; 
214.5759026492971; 3.08464150294e-05; 
215.0229357798165; 4.84652764499e-06; 
215.4699689103359; 4.05208411394e-05; 
215.9170020408552; 5.42861525901e-05; 
216.3640351713746; 4.27870836575e-05; 
216.811068301894; 4.42851232947e-05; 
217.2581014324134; 2.56438252109e-05; 
217.7051345629327; 1.18563202705e-05; 
218.1521676934521; 6.76911122355e-06; 
218.5992008239715; 1.77875681402e-05; 
219.0462339544908; 2.37838048633e-06; 
219.4932670850102; 4.90998609166e-05; 
219.9403002155296; 4.73776453873e-05; 
220.3873333460489; 2.00676186068e-05; 
220.8343664765683; 1.66453046404e-05; 
221.2813996070877; 2.32488619076e-05; 
221.7284327376071; 1.19546839414e-05; 
222.1754658681264; 1.19333180919e-05; 
222.6224989986458; 1.37482256832e-05; 
223.0695321291652; 1.40292222568e-05; 
223.5165652596845; 8.11589598015e-06; 
223.9635983902039; 6.37074026599e-06; 
224.4106315207233; 3.37211349688e-05; 
224.8576646512426; 3.17740086757e-05; 
225.304697781762; 4.26887054346e-05; 
225.7517309122814; 3.48112625943e-05; 
226.1987640428007; 4.8682151828e-05; 
226.6457971733201; 4.17707778979e-05; 
227.0928303038395; 2.77064464171e-05; 
227.5398634343588; 2.35561201407e-05; 
227.9868965648782; 6.01118808845e-05; 
228.4339296953976; 4.94856576552e-05; 
228.880962825917; 3.58743527613e-05; 
229.3279959564363; 1.35969139592e-05; 
229.7750290869557; 3.34405813192e-05; 
230.2220622174751; 2.91569740511e-05; 
230.6690953479944; 1.83990177902e-05; 
231.1161284785138; 1.93317537196e-05; 
231.5631616090332; 4.21846470999e-06; 
232.0101947395525; 2.44029652094e-05; 
232.4572278700719; 1.60318777489e-05; 
232.9042610005913; 2.41476482188e-05; 
233.3512941311106; 4.38846291217e-05; 
233.79832726163; 2.24094055739e-05; 
234.2453603921494; 3.63887738786e-06; 
234.6923935226687; 1.8592339984e-05; 
235.1394266531881; 2.51834881055e-05; 
235.5864597837075; 1.18711532195e-05; 
236.0334929142269; 2.50106786552e-05; 
236.4805260447462; 1.81440009328e-05; 
236.9275591752656; 4.16994589614e-05; 
237.374592305785; 4.59318798676e-05; 
237.8216254363043; 1.47082191688e-05; 
238.2686585668237; 9.8429436548e-06; 
238.7156916973431; 1.65408418979e-05; 
239.1627248278624; 1.22500214275e-05; 
239.6097579583818; 0.000114290814963; 
240.0567910889012; 0.00011913979688; 
240.5038242194206; 2.05055875995e-05; 
240.9508573499399; 3.59849364031e-05; 
241.3978904804593; 3.39627476933e-05; 
241.8449236109787; 1.35786885949e-05; 
242.291956741498; 2.24757659453e-05; 
242.7389898720174; 2.60769302258e-05; 
243.1860230025368; 1.6033060092e-05; 
243.6330561330561; 3.05499088427e-05; 
244.0800892635755; 1.84261662071e-05; 
244.5271223940949; 3.04984096147e-05; 
244.9741555246142; 2.05132801057e-05; 
245.4211886551336; 1.18949701573e-05; 
245.868221785653; 2.06642398553e-05; 
246.3152549161723; 3.55714983016e-05; 
246.7622880466917; 3.34509859385e-05; 
247.2093211772111; 4.33978166257e-05; 
247.6563543077305; 4.47604870715e-05; 
248.1033874382498; 2.77067974821e-05; 
248.5504205687692; 1.778863043e-05; 
248.9974536992886; 7.22784170648e-05; 
249.4444868298079; 4.0187540435e-05; 
249.8915199603273; 1.93600499188e-05; 
250.3385530908467; 1.83659340109e-05; 
250.785586221366; 1.52708289534e-05; 
251.2326193518854; 2.16160042328e-05; 
251.6796524824048; 5.42345551366e-05; 
252.1266856129241; 5.1214992709e-05; 
252.5737187434435; 2.02185856324e-05; 
253.0207518739629; 4.2466326704e-05; 
253.4677850044822; 5.16288455401e-05; 
253.9148181350016; 2.70269811153e-05; 
254.361851265521; 4.66999745186e-06; 
254.8088843960404; 3.61378624802e-05; 
255.2559175265597; 4.13225170632e-05; 
255.7029506570791; 4.861348134e-05; 
256.1499837875984; 4.98911213072e-05; 
256.5970169181178; 1.17549125207e-05; 
257.0440500486372; 9.91275737761e-06; 
257.4910831791566; 2.04445132113e-05; 
257.9381163096759; 2.4253178708e-05; 
258.3851494401953; 3.10396171699e-05; 
258.8321825707147; 4.4353728299e-05; 
259.279215701234; 4.15661743318e-05; 
259.7262488317534; 2.13873372559e-05; 
260.1732819622728; 1.97112385649e-05; 
260.6203150927922; 2.59364569501e-05; 
261.0673482233115; 5.4511558119e-05; 
261.5143813538309; 3.40694932675e-05; 
261.9614144843503; 2.28216122196e-05; 
262.4084476148697; 1.82196108653e-05; 
262.855480745389; 4.01501347369e-05; 
263.3025138759083; 4.3146283133e-05; 
263.7495470064277; 2.39289911406e-05; 
264.1965801369471; 4.23490746471e-05; 
264.6436132674665; 4.14041169279e-05; 
265.0906463979858; 1.10308628791e-05; 
265.5376795285052; 2.49686872849e-05; 
265.9847126590246; 3.00640131172e-05; 
266.4317457895439; 5.72792887397e-05; 
266.8787789200633; 6.02476684435e-05; 
267.3258120505827; 4.57533906228e-06; 
267.7728451811021; 3.39853504556e-05; 
268.2198783116214; 2.63240817731e-05; 
268.6669114421408; 1.60014878929e-05; 
269.1139445726602; 1.59869232448e-05; 
269.5609777031796; 4.1352592234e-05; 
270.0080108336989; 3.58405159204e-05; 
270.4550439642182; 1.16068067655e-05; 
270.9020770947376; 1.43050538099e-05; 
271.349110225257; 9.00140912563e-06; 
271.7961433557764; 2.15192194446e-05; 
272.2431764862957; 3.35736294801e-05; 
272.6902096168151; 3.80867495551e-05; 
273.1372427473345; 3.86422761949e-05; 
273.5842758778539; 5.34362334292e-05; 
274.0313090083732; 4.45061450591e-05; 
274.4783421388926; 3.33400712407e-05; 
274.925375269412; 3.28365749738e-05; 
275.3724083999313; 2.24310479098e-05; 
275.8194415304507; 1.25955511976e-05; 
276.2664746609701; 1.70988460013e-05; 
276.7135077914895; 3.38100981025e-05; 
277.1605409220088; 2.00791328098e-05; 
277.6075740525282; 5.09991332365e-05; 
278.0546071830476; 7.19685849617e-05; 
278.5016403135669; 4.29261745012e-05; 
278.9486734440863; 1.17316540127e-05; 
279.3957065746056; 2.60102697212e-05; 
279.842739705125; 3.38726385962e-05; 
280.2897728356444; 2.70204782282e-05; 
280.7368059661638; 3.54604708264e-05; 
281.1838390966831; 3.38201643899e-05; 
281.6308722272025; 5.50737968297e-05; 
282.0779053577219; 2.05241176445e-05; 
282.5249384882412; 3.93209484173e-05; 
282.9719716187606; 4.82838040625e-05; 
283.41900474928; 4.20495853177e-05; 
283.8660378797994; 3.56516939064e-05; 
284.3130710103187; 5.88968614466e-05; 
284.7601041408381; 3.08063245029e-05; 
285.2071372713575; 1.28953215608e-05; 
285.6541704018768; 4.71017392556e-06; 
286.1012035323962; 1.59493720275e-05; 
286.5482366629155; 1.81340637937e-05; 
286.9952697934349; 3.53044342774e-05; 
287.4423029239543; 1.86692959687e-05; 
287.8893360544737; 1.05099534267e-05; 
288.336369184993; 2.03242816497e-05; 
288.7834023155124; 4.24780482717e-05; 
289.2304354460318; 3.12736010528e-05; 
289.6774685765511; 2.14648625843e-05; 
290.1245017070705; 3.35390323016e-05; 
290.5715348375899; 4.61290219391e-05; 
291.0185679681093; 3.50804984919e-05; 
291.4656010986286; 4.88527548441e-05; 
291.912634229148; 4.19834032073e-05; 
292.3596673596674; 2.57028896158e-05; 
292.8067004901867; 1.7648208086e-05; 
293.2537336207061; 1.30963189804e-05; 
293.7007667512254; 7.55580822442e-06; 
294.1477998817448; 2.59825937974e-05; 
294.5948330122642; 3.2027161069e-05; 
295.0418661427836; 3.30429975293e-05; 
295.4888992733029; 1.15379007184e-05; 
295.9359324038223; 2.32807633438e-05; 
296.3829655343417; 1.62609303516e-05; 
296.829998664861; 3.2732339605e-05; 
297.2770317953804; 6.04660781391e-05; 
297.7240649258998; 3.31619376084e-05; 
298.1710980564192; 2.22075614147e-05; 
298.6181311869385; 2.47313400905e-05; 
299.0651643174579; 0.000165042394656; 
299.5121974479773; 0.00178067502566; 
299.9592305784967; 0.00262004253455; 
300.406263709016; 0.000950398622081; 
300.8532968395353; 6.70319423079e-05; 
301.3003299700547; 7.93082872406e-05; 
301.7473631005741; 5.31129444425e-05; 
302.1943962310935; 5.35213657713e-05; 
302.6414293616128; 3.78393888241e-05; 
303.0884624921322; 2.84843426925e-05; 
303.5354956226516; 5.26573239767e-05; 
303.9825287531709; 3.43851206708e-05; 
304.4295618836903; 3.03475808323e-05; 
304.8765950142097; 2.65183480224e-05; 
305.3236281447291; 2.18875757128e-05; 
305.7706612752484; 6.54963878333e-06; 
306.2176944057678; 3.18439524563e-05; 
306.6647275362872; 1.67621765286e-05; 
307.1117606668066; 1.83877727977e-05; 
307.5587937973259; 2.34910276049e-05; 
308.0058269278452; 1.75167551788e-05; 
308.4528600583646; 3.46688866557e-05; 
308.899893188884; 3.78239055863e-05; 
309.3469263194034; 3.02930220641e-05; 
309.7939594499227; 4.76091554447e-06; 
310.2409925804421; 5.81788081035e-05; 
310.6880257109615; 2.71928820439e-05; 
311.1350588414809; 7.88302259025e-06; 
311.5820919720002; 3.09176975861e-05; 
312.0291251025196; 4.25870603067e-05; 
312.476158233039; 1.62481628649e-05; 
312.9231913635583; 3.72338472516e-05; 
313.3702244940777; 7.11903121555e-05; 
313.8172576245971; 3.80991623388e-05; 
314.2642907551165; 1.36829494295e-05; 
314.7113238856358; 4.25411344622e-05; 
315.1583570161552; 4.64242293674e-05; 
315.6053901466746; 9.67032883636e-06; 
316.0524232771939; 5.67732058698e-06; 
316.4994564077133; 2.52777135756e-05; 
316.9464895382326; 1.58415095939e-05; 
317.393522668752; 1.47241808008e-05; 
317.8405557992714; 9.89517684502e-06; 
318.2875889297908; 1.22290302897e-05; 
318.7346220603101; 3.27985289914e-05; 
319.1816551908295; 3.17171143251e-05; 
319.6286883213489; 1.3290613424e-05; 
320.0757214518682; 3.91036119254e-05; 
320.5227545823876; 2.47312018473e-05; 
320.969787712907; 5.60727266929e-06; 
