% Module: Scope, ID: c0p1t6p1cfm0
% Device: DEV7225
% Time: 2026/04/06 19:08:04
% Wave Channel 1, /dev7225/scopes/0/wave.0BWN
% Wave Channel 2, /dev7225/scopes/0/wave.1BWN
% Frequency (Hz); Wave Channel 1  Spectral Density (V/√Hz); Wave Channel 2  Spectral Density (√Hz)
0; 2.52845549583; 
0.447033130519369; 1.82475221157; 
0.8940662610387381; 0.0881271883845; 
1.341099391558107; 0.0217712372541; 
1.788132522077476; 0.00889168586582; 
2.235165652596845; 0.00426641339436; 
2.682198783116214; 0.00246870866977; 
3.129231913635584; 0.00154284457676; 
3.576265044154952; 0.00113418966066; 
4.023298174674322; 0.000722104101442; 
4.470331305193691; 0.000441685464466; 
4.917364435713059; 0.00052833755035; 
5.364397566232428; 0.000251152931014; 
5.811430696751797; 0.000223646391532; 
6.258463827271167; 0.000254357146332; 
6.705496957790536; 0.000157941147336; 
7.152530088309905; 0.000205102594919; 
7.599563218829274; 0.000129627660499; 
8.046596349348643; 0.000104259481304; 
8.493629479868012; 2.74899812212e-05; 
8.940662610387381; 0.000187311379705; 
9.38769574090675; 7.46995137888e-05; 
9.834728871426119; 7.71786217229e-05; 
10.28176200194549; 8.06198804639e-05; 
10.72879513246486; 0.000161570424098; 
11.17582826298423; 8.91914023669e-05; 
11.62286139350359; 5.15474785061e-05; 
12.06989452402297; 3.22369705827e-05; 
12.51692765454233; 6.2379775045e-05; 
12.9639607850617; 0.000110677385237; 
13.41099391558107; 6.19378333795e-05; 
13.85802704610044; 0.000122808982269; 
14.30506017661981; 6.52287490084e-05; 
14.75209330713918; 5.35502695129e-05; 
15.19912643765855; 6.24619642622e-05; 
15.64615956817792; 8.96452693269e-05; 
16.09319269869729; 5.0060749345e-05; 
16.54022582921666; 5.42111338291e-05; 
16.98725895973602; 0.00011944489961; 
17.43429209025539; 0.000103207421489; 
17.88132522077476; 3.76729658456e-05; 
18.32835835129413; 8.06858370197e-05; 
18.7753914818135; 1.0701298379e-05; 
19.22242461233287; 1.53433666128e-05; 
19.66945774285224; 4.15118447563e-05; 
20.11649087337161; 5.86338428548e-05; 
20.56352400389098; 4.14456735598e-05; 
21.01055713441034; 8.33101439639e-05; 
21.45759026492971; 8.32165242173e-05; 
21.90462339544908; 7.07276485628e-05; 
22.35165652596845; 6.54703035252e-05; 
22.79868965648782; 8.73074168339e-05; 
23.24572278700719; 0.000118797608593; 
23.69275591752656; 2.96795988106e-05; 
24.13978904804593; 5.6031949498e-05; 
24.5868221785653; 2.52884892689e-05; 
25.03385530908467; 8.05543968454e-05; 
25.48088843960404; 6.4806707087e-05; 
25.92792157012341; 4.64147778985e-05; 
26.37495470064277; 5.42266097909e-05; 
26.82198783116214; 1.50032828969e-05; 
27.26902096168151; 7.11924294592e-05; 
27.71605409220088; 8.95833290997e-05; 
28.16308722272025; 4.16020375269e-05; 
28.61012035323962; 5.96864774707e-05; 
29.05715348375899; 3.54459916707e-05; 
29.50418661427836; 2.65856087935e-05; 
29.95121974479773; 4.52449057775e-05; 
30.39825287531709; 7.58767419029e-05; 
30.84528600583646; 1.80739007192e-05; 
31.29231913635583; 6.1223814555e-05; 
31.7393522668752; 4.74264270451e-05; 
32.18638539739457; 2.15120544453e-05; 
32.63341852791394; 3.03704746329e-05; 
33.08045165843331; 6.27811677987e-05; 
33.52748478895268; 3.12925767503e-05; 
33.97451791947205; 5.88516631979e-05; 
34.42155104999141; 3.45673506672e-05; 
34.86858418051079; 4.36345289927e-05; 
35.31561731103015; 6.4229403506e-05; 
35.76265044154952; 6.56714400975e-05; 
36.20968357206889; 6.7195520387e-05; 
36.65671670258826; 5.26304720552e-05; 
37.10374983310763; 7.98599576228e-05; 
37.550782963627; 7.80191548984e-05; 
37.99781609414637; 3.20947074215e-05; 
38.44484922466574; 3.17578014801e-05; 
38.89188235518511; 7.74620202719e-05; 
39.33891548570448; 7.12114633643e-05; 
39.78594861622385; 2.7814448913e-05; 
40.23298174674321; 0.000107415027742; 
40.68001487726259; 0.000176563626155; 
41.12704800778195; 0.000190746941371; 
41.57408113830132; 0.00012422427244; 
42.02111426882069; 0.00010990264127; 
42.46814739934006; 0.000108797969006; 
42.91518052985943; 8.59858482727e-05; 
43.3622136603788; 5.7592515077e-05; 
43.80924679089816; 4.90140882903e-05; 
44.25627992141754; 0.000110254812171; 
44.7033130519369; 9.0174646175e-05; 
45.15034618245627; 1.80621500476e-05; 
45.59737931297564; 4.42873388238e-05; 
46.04441244349501; 5.10352510901e-05; 
46.49144557401438; 8.97199497558e-05; 
46.93847870453375; 7.84096409916e-05; 
47.38551183505312; 4.29299216194e-05; 
47.83254496557249; 4.1749655793e-05; 
48.27957809609186; 9.09663867787e-06; 
48.72661122661123; 3.20183389704e-05; 
49.1736443571306; 5.4908254242e-05; 
49.62067748764996; 3.06034562527e-05; 
50.06771061816934; 5.26920666744e-05; 
50.5147437486887; 3.71482128685e-05; 
50.96177687920807; 7.83300129115e-06; 
51.40881000972744; 6.13645606791e-05; 
51.85584314024681; 7.94001098257e-05; 
52.30287627076618; 5.98792576056e-05; 
52.74990940128555; 2.99918083329e-05; 
53.19694253180491; 3.07008631353e-05; 
53.64397566232429; 4.18599738623e-05; 
54.09100879284365; 6.70567897032e-05; 
54.53804192336302; 6.67063504807e-05; 
54.98507505388239; 8.21321227704e-05; 
55.43210818440176; 4.8776906624e-05; 
55.87914131492113; 5.77921928198e-05; 
56.3261744454405; 2.92896384053e-05; 
56.77320757595987; 4.45483528893e-05; 
57.22024070647924; 3.65842461179e-05; 
57.66727383699861; 1.30614662339e-05; 
58.11430696751798; 2.94861365546e-05; 
58.56134009803735; 8.63480527187e-05; 
59.00837322855671; 0.000116065690236; 
59.45540635907609; 0.0012279151706; 
59.90243948959545; 0.00354297505692; 
60.34947262011482; 0.00247438321821; 
60.79650575063419; 0.000211039514397; 
61.24353888115356; 5.26868352608e-05; 
61.69057201167293; 8.01629430498e-05; 
62.1376051421923; 0.000107628431579; 
62.58463827271166; 6.21321523795e-05; 
63.03167140323104; 3.46888919012e-05; 
63.4787045337504; 6.09937123954e-05; 
63.92573766426977; 9.68770982581e-05; 
64.37277079478915; 5.79294355703e-05; 
64.81980392530851; 8.24904345791e-05; 
65.26683705582788; 7.84956646385e-05; 
65.71387018634725; 1.51719341375e-05; 
66.16090331686662; 0.000115517083032; 
66.60793644738598; 0.000227182215895; 
67.05496957790535; 0.000144513003761; 
67.50200270842473; 1.44306168295e-05; 
67.9490358389441; 5.35135914106e-05; 
68.39606896946347; 5.55128790438e-05; 
68.84310209998283; 5.44056747458e-05; 
69.2901352305022; 6.21373619651e-05; 
69.73716836102157; 3.19103601214e-05; 
70.18420149154095; 7.90738340584e-06; 
70.6312346220603; 2.57228421106e-05; 
71.07826775257968; 3.60291451216e-05; 
71.52530088309905; 7.09820378688e-05; 
71.97233401361842; 9.19921421882e-06; 
72.41936714413778; 5.62530221941e-05; 
72.86640027465715; 1.43376382766e-05; 
73.31343340517653; 4.00106291636e-05; 
73.7604665356959; 6.50795627735e-05; 
74.20749966621526; 3.79461052944e-05; 
74.65453279673463; 6.39660938759e-05; 
75.101565927254; 3.16708028549e-05; 
75.54859905777337; 3.58468496415e-05; 
75.99563218829273; 5.89480441704e-05; 
76.4426653188121; 9.64471983025e-05; 
76.88969844933148; 8.20809873403e-05; 
77.33673157985085; 2.31154645007e-05; 
77.78376471037022; 1.37171837196e-05; 
78.23079784088958; 1.96390992642e-05; 
78.67783097140895; 3.60794838343e-05; 
79.12486410192832; 8.04789960966e-05; 
79.5718972324477; 6.96778079146e-05; 
80.01893036296705; 4.62631833216e-05; 
80.46596349348643; 6.20726132183e-05; 
80.9129966240058; 2.63357287622e-05; 
81.36002975452517; 8.66157351993e-05; 
81.80706288504453; 0.000114307076728; 
82.2540960155639; 4.24351746915e-05; 
82.70112914608328; 1.48317767525e-05; 
83.14816227660265; 4.17616465711e-05; 
83.59519540712201; 3.79401899409e-05; 
84.04222853764138; 1.38852092277e-05; 
84.48926166816075; 2.76912141999e-05; 
84.93629479868012; 7.68234676798e-05; 
85.38332792919948; 9.31501490413e-05; 
85.83036105971885; 6.10404094914e-05; 
86.27739419023823; 1.28949423015e-05; 
86.7244273207576; 4.69418300781e-05; 
87.17146045127697; 7.71683771745e-05; 
87.61849358179633; 2.72989746009e-05; 
88.0655267123157; 1.98743600777e-05; 
88.51255984283507; 4.92056387884e-05; 
88.95959297335445; 7.49439568608e-05; 
89.4066261038738; 7.98100227257e-05; 
89.85365923439318; 0.000103643062175; 
90.30069236491255; 5.80201958655e-05; 
90.74772549543192; 4.61377712782e-05; 
91.19475862595128; 3.55679512722e-05; 
91.64179175647065; 3.30437105731e-05; 
92.08882488699003; 6.73841423122e-05; 
92.5358580175094; 7.69515754655e-05; 
92.98289114802876; 5.22604350408e-05; 
93.42992427854813; 2.12219238165e-05; 
93.8769574090675; 6.77119096508e-05; 
94.32399053958687; 0.000105365099444; 
94.77102367010623; 5.99659615546e-05; 
95.2180568006256; 3.25272703776e-05; 
95.66508993114498; 9.69491011347e-05; 
96.11212306166435; 0.00011851589079; 
96.55915619218372; 4.88305813633e-05; 
97.00618932270308; 7.61042829254e-05; 
97.45322245322245; 7.4550647696e-05; 
97.90025558374182; 1.09748725663e-05; 
98.3472887142612; 2.54214482993e-05; 
98.79432184478055; 3.562909842e-05; 
99.24135497529993; 4.5523422159e-05; 
99.6883881058193; 5.60522603337e-05; 
100.1354212363387; 8.20353961899e-05; 
100.582454366858; 0.00010720276623; 
101.0294874973774; 9.87137536868e-05; 
101.4765206278968; 3.33813186444e-05; 
101.9235537584161; 1.44296172948e-05; 
102.3705868889355; 3.30241418851e-05; 
102.8176200194549; 1.37563529279e-05; 
103.2646531499743; 1.51192652993e-05; 
103.7116862804936; 4.57334826933e-05; 
104.158719411013; 3.22561645589e-05; 
104.6057525415324; 4.01196266466e-05; 
105.0527856720517; 5.22431655554e-05; 
105.4998188025711; 3.99494711019e-05; 
105.9468519330905; 5.29190147063e-05; 
106.3938850636098; 6.45765830996e-05; 
106.8409181941292; 8.05483505246e-05; 
107.2879513246486; 9.38155717449e-05; 
107.7349844551679; 8.32004225231e-05; 
108.1820175856873; 6.31050788797e-05; 
108.6290507162067; 5.5348740716e-05; 
109.076083846726; 8.84614346432e-05; 
109.5231169772454; 6.28858906566e-05; 
109.9701501077648; 6.25222091912e-05; 
110.4171832382842; 6.03855405643e-05; 
110.8642163688035; 4.94004634675e-05; 
111.3112494993229; 0.000102219964901; 
111.7582826298423; 0.000133334877319; 
112.2053157603616; 4.53778338851e-05; 
112.652348890881; 5.10729587404e-05; 
113.0993820214004; 6.93323163432e-05; 
113.5464151519197; 9.26648499444e-05; 
113.9934482824391; 0.00013641633268; 
114.4404814129585; 0.000107675776235; 
114.8875145434778; 3.12619995384e-05; 
115.3345476739972; 2.34322851611e-05; 
115.7815808045166; 3.07741647703e-05; 
116.228613935036; 3.03395518131e-05; 
116.6756470655553; 1.97696190298e-05; 
117.1226801960747; 8.75894766068e-05; 
117.5697133265941; 7.1544542152e-05; 
118.0167464571134; 5.17991029483e-05; 
118.4637795876328; 4.04024976888e-05; 
118.9108127181522; 3.15165925713e-05; 
119.3578458486715; 6.78568685544e-05; 
119.8048789791909; 0.000235418105149; 
120.2519121097103; 0.000209876219742; 
120.6989452402296; 6.45328473183e-05; 
121.145978370749; 4.91251485073e-05; 
121.5930115012684; 2.02328410523e-05; 
122.0400446317878; 0.000125699865748; 
122.4870777623071; 0.000209610021557; 
122.9341108928265; 0.000161634467077; 
123.3811440233459; 4.49243561889e-05; 
123.8281771538652; 0.000143251003465; 
124.2752102843846; 9.52809205046e-05; 
124.722243414904; 5.03865303472e-05; 
125.1692765454233; 1.16344754133e-05; 
125.6163096759427; 4.87614233862e-05; 
126.0633428064621; 9.7614058177e-05; 
126.5103759369814; 0.000123569203424; 
126.9574090675008; 3.2492018363e-05; 
127.4044421980202; 6.65014376864e-05; 
127.8514753285395; 3.41330523952e-05; 
128.2985084590589; 5.80460982746e-05; 
128.7455415895783; 7.6792020991e-05; 
129.1925747200977; 5.88869334024e-05; 
129.639607850617; 1.53864693857e-05; 
130.0866409811364; 2.06146196433e-05; 
130.5336741116558; 6.23633095529e-05; 
130.9807072421751; 0.000115171162179; 
131.4277403726945; 7.90937410784e-05; 
131.8747735032139; 7.59690519772e-05; 
132.3218066337332; 5.90912532061e-05; 
132.7688397642526; 3.0491491998e-05; 
133.215872894772; 4.42660711997e-05; 
133.6629060252913; 6.62063030177e-05; 
134.1099391558107; 8.35619721329e-05; 
134.5569722863301; 2.5115430617e-05; 
135.0040054168495; 1.6337928173e-05; 
135.4510385473688; 5.08567682118e-05; 
135.8980716778882; 3.39077087119e-05; 
136.3451048084076; 1.39962412504e-05; 
136.7921379389269; 3.44918444171e-05; 
137.2391710694463; 9.76593219093e-06; 
137.6862041999657; 5.8153491409e-05; 
138.133237330485; 1.66719473782e-06; 
138.5802704610044; 7.80591872171e-05; 
139.0273035915238; 4.92894068884e-05; 
139.4743367220431; 2.86435861199e-05; 
139.9213698525625; 5.31269324711e-05; 
140.3684029830819; 3.6090357753e-05; 
140.8154361136012; 4.85313030367e-05; 
141.2624692441206; 1.59500996233e-05; 
141.70950237464; 8.083719149e-05; 
142.1565355051594; 0.000102321886516; 
142.6035686356787; 8.04154842626e-05; 
143.0506017661981; 0.000102817641164; 
143.4976348967175; 0.00011485577852; 
143.9446680272368; 9.89155087154e-05; 
144.3917011577562; 3.32242016157e-05; 
144.8387342882756; 8.48333220347e-05; 
145.2857674187949; 5.89111186855e-05; 
145.7328005493143; 2.43022022914e-05; 
146.1798336798337; 3.78517215722e-05; 
146.6268668103531; 8.99566584849e-05; 
147.0738999408724; 0.000131567707285; 
147.5209330713918; 6.40722792014e-05; 
147.9679662019112; 7.7293268987e-05; 
148.4149993324305; 0.000100055876828; 
148.8620324629499; 7.99767512945e-05; 
149.3090655934693; 2.13641524169e-05; 
149.7560987239886; 2.44599705184e-05; 
150.203131854508; 3.06748515868e-05; 
150.6501649850274; 4.65882767458e-05; 
151.0971981155467; 3.8448444684e-05; 
151.5442312460661; 5.24527386006e-05; 
151.9912643765855; 4.12707559008e-05; 
152.4382975071048; 0.000104100668977; 
152.8853306376242; 7.92809805716e-05; 
153.3323637681436; 5.71646123717e-05; 
153.779396898663; 4.68534199172e-05; 
154.2264300291823; 1.22078372442e-05; 
154.6734631597017; 1.07724090412e-05; 
155.1204962902211; 7.77830500738e-05; 
155.5675294207404; 0.000100672034023; 
156.0145625512598; 6.33218878647e-05; 
156.4615956817792; 3.11931871693e-05; 
156.9086288122985; 4.21119948442e-05; 
157.3556619428179; 5.27496922587e-05; 
157.8026950733373; 2.40438948822e-05; 
158.2497282038566; 3.3601791074e-05; 
158.696761334376; 1.29907321025e-05; 
159.1437944648954; 5.67469542148e-05; 
159.5908275954147; 2.82263099507e-05; 
160.0378607259341; 2.41240431933e-05; 
160.4848938564535; 5.69779476791e-05; 
160.9319269869729; 6.79478471284e-05; 
161.3789601174922; 6.14436139585e-05; 
161.8259932480116; 3.17572848871e-05; 
162.273026378531; 1.35426153065e-05; 
162.7200595090503; 5.47471645405e-05; 
163.1670926395697; 7.87151511759e-05; 
163.6141257700891; 8.24592425488e-05; 
164.0611589006084; 4.97633409395e-05; 
164.5081920311278; 6.74006441841e-05; 
164.9552251616472; 5.74566547584e-05; 
165.4022582921666; 7.78866015025e-05; 
165.8492914226859; 7.82101997174e-05; 
166.2963245532053; 0.000125889986521; 
166.7433576837247; 0.000134538015118; 
167.190390814244; 7.97244720161e-05; 
167.6374239447634; 2.61251880147e-05; 
168.0844570752828; 6.92841640557e-05; 
168.5314902058021; 5.88289476582e-05; 
168.9785233363215; 5.78406979912e-06; 
169.4255564668409; 9.80470122158e-06; 
169.8725895973602; 7.10312015144e-05; 
170.3196227278796; 0.00011132263171; 
170.766655858399; 9.09736336325e-05; 
171.2136889889183; 6.73502654536e-05; 
171.6607221194377; 9.15066993912e-06; 
172.1077552499571; 6.21602521278e-05; 
172.5547883804765; 0.00010956042388; 
173.0018215109958; 9.18384030228e-05; 
173.4488546415152; 7.07570652594e-05; 
173.8958877720346; 4.79240443383e-05; 
174.3429209025539; 2.87528873741e-05; 
174.7899540330733; 1.72911186382e-05; 
175.2369871635927; 4.70727609354e-05; 
175.684020294112; 1.8989561795e-05; 
176.1310534246314; 2.39902201429e-05; 
176.5780865551508; 3.02331591229e-05; 
177.0251196856701; 5.23563940078e-05; 
177.4721528161895; 2.39025521296e-05; 
177.9191859467089; 7.944880781e-05; 
178.3662190772282; 3.09608840325e-05; 
178.8132522077476; 0.00011984462617; 
179.260285338267; 0.000541908259038; 
179.7073184687864; 0.00503574870527; 
180.1543515993057; 0.0065595456399; 
180.6013847298251; 0.00201116851531; 
181.0484178603445; 0.000150219042553; 
181.4954509908638; 0.000107251005829; 
181.9424841213832; 7.62841300457e-05; 
182.3895172519026; 5.4087202443e-05; 
182.8365503824219; 7.91170677985e-05; 
183.2835835129413; 0.000107000749267; 
183.7306166434607; 6.35179094388e-05; 
184.1776497739801; 5.15651663591e-05; 
184.6246829044994; 6.40424041194e-05; 
185.0717160350188; 4.89201302116e-05; 
185.5187491655382; 2.68432686426e-05; 
185.9657822960575; 1.01177802208e-05; 
186.4128154265769; 5.84023182455e-05; 
186.8598485570963; 0.000104917147837; 
187.3068816876156; 0.000115712588013; 
187.753914818135; 4.75255401398e-05; 
188.2009479486544; 9.24231353565e-05; 
188.6479810791737; 0.000141935044667; 
189.0950142096931; 0.000115257491416; 
189.5420473402125; 0.000109222055471; 
189.9890804707318; 5.81400017836e-05; 
190.4361136012512; 4.42161981482e-05; 
190.8831467317706; 4.87311408506e-05; 
191.33017986229; 4.01008037443e-05; 
191.7772129928093; 9.91239430732e-05; 
192.2242461233287; 9.79884716799e-05; 
192.6712792538481; 6.55339754303e-05; 
193.1183123843674; 3.31132941938e-05; 
193.5653455148868; 4.88617770316e-05; 
194.0123786454062; 6.74088150845e-05; 
194.4594117759255; 3.79814664484e-05; 
194.9064449064449; 5.37270752829e-05; 
195.3534780369643; 0.000101594545413; 
195.8005111674836; 8.98191137821e-05; 
196.247544298003; 0.00012049824727; 
196.6945774285224; 9.33866249397e-05; 
197.1416105590417; 8.00525594968e-05; 
197.5886436895611; 5.11199104949e-05; 
198.0356768200805; 5.06726282765e-05; 
198.4827099505999; 2.11791175388e-05; 
198.9297430811192; 6.1945206653e-06; 
199.3767762116386; 5.01715585415e-05; 
199.823809342158; 5.26628355146e-05; 
200.2708424726773; 6.82259487803e-05; 
200.7178756031967; 1.16226910905e-05; 
201.1649087337161; 4.62708558189e-05; 
201.6119418642354; 3.67764114344e-05; 
202.0589749947548; 3.38133468176e-05; 
202.5060081252742; 2.40696026594e-05; 
202.9530412557936; 1.6612932086e-05; 
203.4000743863129; 3.20837971231e-05; 
203.8471075168323; 4.30120016972e-05; 
204.2941406473517; 4.61796516902e-05; 
204.741173777871; 4.43770077254e-05; 
205.1882069083904; 5.47183590243e-05; 
205.6352400389098; 9.36308861128e-05; 
206.0822731694291; 3.49742404069e-05; 
206.5293062999485; 1.90458613361e-05; 
206.9763394304679; 6.31767898085e-06; 
207.4233725609872; 1.94852291315e-05; 
207.8704056915066; 3.2367384847e-05; 
208.317438822026; 9.78434327408e-05; 
208.7644719525453; 0.000115675524285; 
209.2115050830647; 9.64307473623e-05; 
209.6585382135841; 9.130845865e-05; 
210.1055713441035; 3.19973914884e-05; 
210.5526044746228; 5.3757623391e-05; 
210.9996376051422; 4.10171924159e-05; 
211.4466707356616; 5.75383310206e-05; 
211.8937038661809; 6.88745640218e-05; 
212.3407369967003; 5.31399055035e-05; 
212.7877701272197; 7.4017989391e-05; 
213.234803257739; 4.32438573625e-05; 
213.6818363882584; 5.1117145631e-05; 
214.1288695187778; 5.30628094566e-05; 
214.5759026492971; 3.98696029151e-05; 
215.0229357798165; 7.03461555531e-05; 
215.4699689103359; 9.74753129412e-05; 
215.9170020408552; 0.000102321006125; 
216.3640351713746; 9.67999731074e-05; 
216.811068301894; 6.09550370427e-05; 
217.2581014324134; 5.15460560564e-05; 
217.7051345629327; 2.22806520469e-05; 
218.1521676934521; 8.77655929798e-06; 
218.5992008239715; 6.80856610416e-05; 
219.0462339544908; 0.000129154301248; 
219.4932670850102; 0.000126418264699; 
219.9403002155296; 3.84356135328e-05; 
220.3873333460489; 3.8813737774e-05; 
220.8343664765683; 5.84869012528e-05; 
221.2813996070877; 8.61645312398e-05; 
221.7284327376071; 6.84789847583e-05; 
222.1754658681264; 7.77116802055e-05; 
222.6224989986458; 9.44301791606e-05; 
223.0695321291652; 7.89425539551e-05; 
223.5165652596845; 5.19190834893e-05; 
223.9635983902039; 5.43855276192e-05; 
224.4106315207233; 4.60935334559e-05; 
224.8576646512426; 2.24704290304e-05; 
225.304697781762; 3.23361709889e-05; 
225.7517309122814; 3.67266256944e-05; 
226.1987640428007; 3.91592802771e-05; 
226.6457971733201; 1.12723391794e-05; 
227.0928303038395; 6.74643961247e-05; 
227.5398634343588; 7.64370488469e-05; 
227.9868965648782; 4.67884819955e-05; 
228.4339296953976; 2.77228591585e-05; 
228.880962825917; 2.32618622249e-05; 
229.3279959564363; 1.97071531147e-05; 
229.7750290869557; 4.33995155618e-05; 
230.2220622174751; 5.65183545405e-05; 
230.6690953479944; 1.5621413695e-05; 
231.1161284785138; 3.1593881431e-05; 
231.5631616090332; 8.66795890033e-05; 
232.0101947395525; 0.00011743244977; 
232.4572278700719; 6.54532923363e-05; 
232.9042610005913; 1.02088806671e-05; 
233.3512941311106; 2.20961283048e-05; 
233.79832726163; 5.61859487789e-05; 
234.2453603921494; 4.4181393605e-05; 
234.6923935226687; 1.05308126876e-05; 
235.1394266531881; 4.4539985538e-05; 
235.5864597837075; 3.98535376007e-05; 
236.0334929142269; 2.91993474093e-05; 
236.4805260447462; 7.78493485996e-05; 
236.9275591752656; 7.74298314354e-05; 
237.374592305785; 7.22797194612e-05; 
237.8216254363043; 3.04934801534e-05; 
238.2686585668237; 2.98031063721e-05; 
238.7156916973431; 3.34586547979e-05; 
239.1627248278624; 6.69750079396e-05; 
239.6097579583818; 0.000136285772896; 
240.0567910889012; 0.000168171871337; 
240.5038242194206; 0.000121811317513; 
240.9508573499399; 4.17945266236e-05; 
241.3978904804593; 7.24309647921e-05; 
241.8449236109787; 7.31547625037e-05; 
242.291956741498; 7.98868131824e-05; 
242.7389898720174; 5.18378546985e-05; 
243.1860230025368; 8.53502133396e-05; 
243.6330561330561; 9.9600671092e-05; 
244.0800892635755; 6.3613151724e-05; 
244.5271223940949; 9.63522761595e-05; 
244.9741555246142; 6.84337865096e-05; 
245.4211886551336; 4.02552213927e-05; 
245.868221785653; 4.00280950998e-05; 
246.3152549161723; 1.43592205859e-05; 
246.7622880466917; 3.8608613977e-05; 
247.2093211772111; 3.61701277143e-05; 
247.6563543077305; 3.52417664544e-05; 
248.1033874382498; 7.3268871347e-05; 
248.5504205687692; 5.3879841289e-05; 
248.9974536992886; 1.17875633805e-05; 
249.4444868298079; 5.79974803259e-05; 
249.8915199603273; 9.67098458204e-05; 
250.3385530908467; 0.000132437169668; 
250.785586221366; 0.000119952121167; 
251.2326193518854; 7.84227740951e-05; 
251.6796524824048; 6.53931201668e-05; 
252.1266856129241; 3.48683570337e-05; 
252.5737187434435; 1.29184281832e-05; 
253.0207518739629; 5.50292206754e-05; 
253.4677850044822; 7.45271609048e-05; 
253.9148181350016; 2.84715988528e-05; 
254.361851265521; 5.46698393009e-05; 
254.8088843960404; 3.30888433382e-05; 
255.2559175265597; 6.96697170497e-05; 
255.7029506570791; 1.19531468954e-05; 
256.1499837875984; 5.11540674779e-05; 
256.5970169181178; 3.98177944589e-05; 
257.0440500486372; 2.51170513366e-05; 
257.4910831791566; 5.26534604433e-05; 
257.9381163096759; 7.95882006059e-05; 
258.3851494401953; 3.55416523234e-05; 
258.8321825707147; 5.2260056691e-05; 
259.279215701234; 6.7340057285e-05; 
259.7262488317534; 8.8120395958e-05; 
260.1732819622728; 5.60419175599e-05; 
260.6203150927922; 4.17627197749e-05; 
261.0673482233115; 7.75794833316e-05; 
261.5143813538309; 5.49226533622e-05; 
261.9614144843503; 9.19396406971e-05; 
262.4084476148697; 0.000102317368146; 
262.855480745389; 7.6261079812e-05; 
263.3025138759083; 6.24400854576e-05; 
263.7495470064277; 3.86731117032e-05; 
264.1965801369471; 4.96125940117e-05; 
264.6436132674665; 7.2996612289e-05; 
265.0906463979858; 4.8347243137e-05; 
265.5376795285052; 2.87651437247e-05; 
265.9847126590246; 5.69988951611e-05; 
266.4317457895439; 8.42283916427e-05; 
266.8787789200633; 0.000113148278615; 
267.3258120505827; 0.000109459113446; 
267.7728451811021; 5.05544667249e-05; 
268.2198783116214; 5.95147394051e-05; 
268.6669114421408; 6.67769782012e-05; 
269.1139445726602; 1.86614943232e-05; 
269.5609777031796; 5.53163408767e-05; 
270.0080108336989; 9.64776045294e-05; 
270.4550439642182; 4.72699612146e-05; 
270.9020770947376; 5.74473888264e-05; 
271.349110225257; 7.27127844584e-05; 
271.7961433557764; 8.38698251755e-05; 
272.2431764862957; 0.000124549231259; 
272.6902096168151; 0.000108814128907; 
273.1372427473345; 3.36864541168e-05; 
273.5842758778539; 3.46391534549e-05; 
274.0313090083732; 6.56083138892e-05; 
274.4783421388926; 6.46942862659e-05; 
274.925375269412; 1.13321648314e-05; 
275.3724083999313; 2.67830509983e-05; 
275.8194415304507; 2.10069483728e-05; 
276.2664746609701; 3.08678208967e-05; 
276.7135077914895; 5.89985902479e-05; 
277.1605409220088; 2.69377524091e-05; 
277.6075740525282; 2.27966575039e-05; 
278.0546071830476; 3.49672118318e-05; 
278.5016403135669; 8.77561797097e-06; 
278.9486734440863; 7.47895901441e-05; 
279.3957065746056; 0.000126476588775; 
279.842739705125; 7.04506019247e-05; 
280.2897728356444; 4.24503741669e-05; 
280.7368059661638; 2.1171199478e-05; 
281.1838390966831; 4.51422274637e-05; 
281.6308722272025; 5.65077280044e-05; 
282.0779053577219; 7.30828251108e-05; 
282.5249384882412; 4.59727089037e-05; 
282.9719716187606; 3.58196266461e-05; 
283.41900474928; 4.62049792986e-05; 
283.8660378797994; 2.20117763092e-05; 
284.3130710103187; 2.53893158515e-05; 
284.7601041408381; 7.80819245847e-05; 
285.2071372713575; 6.67954445817e-05; 
285.6541704018768; 4.69478472951e-05; 
286.1012035323962; 0.000100802863017; 
286.5482366629155; 6.32320516161e-05; 
286.9952697934349; 4.04222992074e-05; 
287.4423029239543; 6.08166737948e-05; 
287.8893360544737; 6.35605756543e-05; 
288.336369184993; 4.49542894785e-05; 
288.7834023155124; 4.96031316288e-05; 
289.2304354460318; 0.000108077518234; 
289.6774685765511; 0.000103672580735; 
290.1245017070705; 7.24045166862e-05; 
290.5715348375899; 4.69993865408e-05; 
291.0185679681093; 9.24374107854e-05; 
291.4656010986286; 7.25470817997e-05; 
291.912634229148; 5.6846307416e-05; 
292.3596673596674; 3.8474885514e-05; 
292.8067004901867; 2.80641233985e-05; 
293.2537336207061; 4.53396896773e-05; 
293.7007667512254; 1.4607337107e-05; 
294.1477998817448; 3.82684593205e-05; 
294.5948330122642; 0.000100842480606; 
295.0418661427836; 9.22140679904e-05; 
295.4888992733029; 5.31105542905e-05; 
295.9359324038223; 3.8478152419e-05; 
296.3829655343417; 3.3832333429e-05; 
296.829998664861; 5.84991612413e-05; 
297.2770317953804; 7.98862311058e-05; 
297.7240649258998; 3.72056856577e-05; 
298.1710980564192; 3.26843364746e-05; 
298.6181311869385; 4.30651416536e-05; 
299.0651643174579; 5.71847449464e-05; 
299.5121974479773; 0.00119431421626; 
299.9592305784967; 0.00302447332069; 
300.406263709016; 0.0018316055648; 
300.8532968395353; 0.000113481881272; 
301.3003299700547; 0.000109894906927; 
301.7473631005741; 6.23596351943e-05; 
302.1943962310935; 7.25141362636e-05; 
302.6414293616128; 6.91959285177e-05; 
303.0884624921322; 7.64262877055e-05; 
303.5354956226516; 4.46272206318e-05; 
303.9825287531709; 3.47318928107e-05; 
304.4295618836903; 5.15409374202e-05; 
304.8765950142097; 4.69406295451e-05; 
305.3236281447291; 4.95291860716e-05; 
305.7706612752484; 1.14444774226e-05; 
306.2176944057678; 3.90160057577e-05; 
306.6647275362872; 5.62497261853e-05; 
307.1117606668066; 3.48904359271e-05; 
307.5587937973259; 4.43827811978e-05; 
308.0058269278452; 0.000106738618342; 
308.4528600583646; 9.29698217078e-05; 
308.899893188884; 7.48296224629e-05; 
309.3469263194034; 7.2902534157e-05; 
309.7939594499227; 4.13786292484e-05; 
310.2409925804421; 3.75956187781e-05; 
310.6880257109615; 8.67065537022e-05; 
311.1350588414809; 0.000103475627839; 
311.5820919720002; 0.000127881387016; 
312.0291251025196; 5.55002916371e-05; 
312.476158233039; 1.71552619577e-05; 
312.9231913635583; 1.43827337524e-05; 
313.3702244940777; 1.49924962898e-05; 
313.8172576245971; 4.3477404688e-05; 
314.2642907551165; 7.70719052525e-05; 
314.7113238856358; 5.95309975324e-05; 
315.1583570161552; 1.18798116091e-05; 
315.6053901466746; 3.03615106532e-05; 
316.0524232771939; 6.14786040387e-05; 
316.4994564077133; 2.79311170743e-05; 
316.9464895382326; 8.90211449587e-05; 
317.393522668752; 8.62448141561e-05; 
317.8405557992714; 5.79349471082e-05; 
318.2875889297908; 1.00303086583e-05; 
318.7346220603101; 5.45906004845e-05; 
319.1816551908295; 6.9380243076e-05; 
319.6286883213489; 6.7616776505e-05; 
320.0757214518682; 8.56781116454e-05; 
320.5227545823876; 6.78925352986e-05; 
320.969787712907; 2.86798040179e-05; 
