% Module: Scope, ID: c0p1t6p1cfm0
% Device: DEV7225
% Time: 2026/04/06 19:14:50
% Wave Channel 1, /dev7225/scopes/0/wave.0BWN
% Wave Channel 2, /dev7225/scopes/0/wave.1BWN
% Frequency (Hz); Wave Channel 1  Spectral Density (V/√Hz); Wave Channel 2  Spectral Density (√Hz)
0; 3.11921024323; 
0.447033130519369; 2.21808981895; 
0.8940662610387381; 0.0328275896609; 
1.341099391558107; 0.0079308077693; 
1.788132522077476; 0.00303478934802; 
2.235165652596845; 0.00151498557534; 
2.682198783116214; 0.000953246431891; 
3.129231913635584; 0.000424835045123; 
3.576265044154952; 0.000535183702596; 
4.023298174674322; 0.000147574421135; 
4.470331305193691; 0.000193630243302; 
4.917364435713059; 0.000207939810934; 
5.364397566232428; 0.000114320428111; 
5.811430696751797; 4.92082399433e-05; 
6.258463827271167; 0.000163761578733; 
6.705496957790536; 3.24223583448e-05; 
7.152530088309905; 9.92709610728e-05; 
7.599563218829274; 1.12318803076e-05; 
8.046596349348643; 7.7614095062e-05; 
8.493629479868012; 2.53740690823e-05; 
8.940662610387381; 0.000112604691822; 
9.38769574090675; 6.49494832032e-05; 
9.834728871426119; 6.245925033e-05; 
10.28176200194549; 0.000116328796139; 
10.72879513246486; 0.000128620231408; 
11.17582826298423; 4.57752648799e-05; 
11.62286139350359; 4.28164821642e-05; 
12.06989452402297; 7.94036895968e-05; 
12.51692765454233; 9.05110500753e-05; 
12.9639607850617; 6.10984570812e-05; 
13.41099391558107; 3.60311896657e-05; 
13.85802704610044; 4.81397910335e-05; 
14.30506017661981; 0.000110202025098; 
14.75209330713918; 1.97185509023e-05; 
15.19912643765855; 5.10922764079e-05; 
15.64615956817792; 6.78684737068e-05; 
16.09319269869729; 4.90231395815e-05; 
16.54022582921666; 3.98718002543e-05; 
16.98725895973602; 5.90093259234e-05; 
17.43429209025539; 9.42238984862e-05; 
17.88132522077476; 9.75049115368e-05; 
18.32835835129413; 2.2577263735e-05; 
18.7753914818135; 8.96291239769e-05; 
19.22242461233287; 0.000130400905618; 
19.66945774285224; 7.63593634474e-05; 
20.11649087337161; 4.31056832895e-05; 
20.56352400389098; 3.49225410901e-05; 
21.01055713441034; 4.69810329378e-05; 
21.45759026492971; 4.94576852361e-05; 
21.90462339544908; 0.000117851399409; 
22.35165652596845; 0.000100995770481; 
22.79868965648782; 7.14232592145e-05; 
23.24572278700719; 5.41646841157e-05; 
23.69275591752656; 9.53136532189e-06; 
24.13978904804593; 1.64203847817e-05; 
24.5868221785653; 6.8060347985e-05; 
25.03385530908467; 0.000145095560583; 
25.48088843960404; 7.89399491623e-05; 
25.92792157012341; 6.93221882102e-05; 
26.37495470064277; 4.32981578342e-05; 
26.82198783116214; 2.59134722e-05; 
27.26902096168151; 5.25779832969e-05; 
27.71605409220088; 9.39570309129e-05; 
28.16308722272025; 8.68256174726e-05; 
28.61012035323962; 3.98551746912e-05; 
29.05715348375899; 2.32263955695e-05; 
29.50418661427836; 6.25942338957e-05; 
29.95121974479773; 7.87156750448e-05; 
30.39825287531709; 0.000130786531372; 
30.84528600583646; 5.04259223817e-05; 
31.29231913635583; 9.42291953834e-05; 
31.7393522668752; 8.86976995389e-05; 
32.18638539739457; 6.33236195426e-05; 
32.63341852791394; 0.000106000523374; 
33.08045165843331; 7.45647703297e-05; 
33.52748478895268; 8.63085952005e-05; 
33.97451791947205; 0.000122242228827; 
34.42155104999141; 5.22048176208e-05; 
34.86858418051079; 6.33001618553e-05; 
35.31561731103015; 0.000142835560837; 
35.76265044154952; 0.00017753058637; 
36.20968357206889; 0.000103989943455; 
36.65671670258826; 2.65060280071e-05; 
37.10374983310763; 9.17704819585e-05; 
37.550782963627; 0.000106981337012; 
37.99781609414637; 0.000126106766402; 
38.44484922466574; 7.26186917746e-05; 
38.89188235518511; 3.92715446651e-05; 
39.33891548570448; 3.38012359862e-05; 
39.78594861622385; 5.10758363816e-05; 
40.23298174674321; 6.11976793152e-05; 
40.68001487726259; 4.13679081248e-05; 
41.12704800778195; 5.97875477979e-05; 
41.57408113830132; 2.03532054002e-05; 
42.02111426882069; 6.34222888038e-05; 
42.46814739934006; 4.18594936491e-05; 
42.91518052985943; 3.88675289287e-05; 
43.3622136603788; 7.5561729318e-05; 
43.80924679089816; 0.000114158159704; 
44.25627992141754; 3.88953012589e-05; 
44.7033130519369; 0.000137807917781; 
45.15034618245627; 0.000120162992971; 
45.59737931297564; 4.80566959595e-05; 
46.04441244349501; 8.9710309112e-05; 
46.49144557401438; 6.09795415585e-06; 
46.93847870453375; 0.000106280516775; 
47.38551183505312; 0.000103550562926; 
47.83254496557249; 6.34355819784e-05; 
48.27957809609186; 6.75204209983e-05; 
48.72661122661123; 7.05075581209e-05; 
49.1736443571306; 0.000111382214527; 
49.62067748764996; 8.06127209216e-05; 
50.06771061816934; 8.41035143822e-05; 
50.5147437486887; 9.65978833847e-05; 
50.96177687920807; 2.51199435297e-05; 
51.40881000972744; 8.06947646197e-05; 
51.85584314024681; 2.49836084549e-05; 
52.30287627076618; 6.15651442786e-05; 
52.74990940128555; 5.26007133885e-05; 
53.19694253180491; 1.69747763721e-05; 
53.64397566232429; 3.92574511352e-05; 
54.09100879284365; 4.76677705592e-05; 
54.53804192336302; 6.08237860433e-05; 
54.98507505388239; 3.49301990354e-05; 
55.43210818440176; 3.02162243315e-05; 
55.87914131492113; 6.83678736095e-05; 
56.3261744454405; 3.68888759112e-05; 
56.77320757595987; 6.20682330918e-05; 
57.22024070647924; 5.55518854526e-05; 
57.66727383699861; 6.54139948892e-05; 
58.11430696751798; 0.000126691011246; 
58.56134009803735; 0.000124962578411; 
59.00837322855671; 6.53957322356e-05; 
59.45540635907609; 0.00157663261052; 
59.90243948959545; 0.0037312337663; 
60.34947262011482; 0.00219300226308; 
60.79650575063419; 8.79521176103e-05; 
61.24353888115356; 2.91763717541e-05; 
61.69057201167293; 7.8209595813e-05; 
62.1376051421923; 1.50593823491e-05; 
62.58463827271166; 5.39173888683e-05; 
63.03167140323104; 6.68169741402e-05; 
63.4787045337504; 7.12258188287e-05; 
63.92573766426977; 8.53435412864e-05; 
64.37277079478915; 8.88243084773e-05; 
64.81980392530851; 0.000116596951557; 
65.26683705582788; 6.84099723003e-05; 
65.71387018634725; 0.000135712252813; 
66.16090331686662; 0.000225055482588; 
66.60793644738598; 0.000316612131428; 
67.05496957790535; 0.000203278992558; 
67.50200270842473; 0.000103866019344; 
67.9490358389441; 0.000111692752398; 
68.39606896946347; 5.88897200942e-05; 
68.84310209998283; 3.14632306981e-05; 
69.2901352305022; 1.66102236108e-05; 
69.73716836102157; 3.99464115617e-05; 
70.18420149154095; 2.70466698566e-05; 
70.6312346220603; 6.94533446222e-05; 
71.07826775257968; 7.13199406164e-05; 
71.52530088309905; 2.0225690605e-05; 
71.97233401361842; 9.26170687308e-05; 
72.41936714413778; 6.70857625664e-05; 
72.86640027465715; 4.42896598543e-05; 
73.31343340517653; 1.60401232279e-05; 
73.7604665356959; 4.18919989897e-05; 
74.20749966621526; 3.48051653418e-05; 
74.65453279673463; 4.79800401081e-05; 
75.101565927254; 3.7404755858e-05; 
75.54859905777337; 2.28424960369e-05; 
75.99563218829273; 4.77358953503e-05; 
76.4426653188121; 2.1196090529e-05; 
76.88969844933148; 1.36984681376e-05; 
77.33673157985085; 6.67209969833e-05; 
77.78376471037022; 3.88560911233e-05; 
78.23079784088958; 2.89802228508e-05; 
78.67783097140895; 2.61172535829e-05; 
79.12486410192832; 8.39776475914e-05; 
79.5718972324477; 0.000121081335237; 
80.01893036296705; 9.80045369943e-05; 
80.46596349348643; 8.5185507487e-05; 
80.9129966240058; 0.000107137886516; 
81.36002975452517; 3.67010034097e-05; 
81.80706288504453; 3.66995918739e-05; 
82.2540960155639; 2.44193761318e-05; 
82.70112914608328; 2.08830715565e-05; 
83.14816227660265; 1.74145698111e-05; 
83.59519540712201; 2.83025401586e-05; 
84.04222853764138; 1.32692985062e-05; 
84.48926166816075; 4.81844617752e-05; 
84.93629479868012; 5.55923770662e-06; 
85.38332792919948; 5.83755645494e-05; 
85.83036105971885; 9.57101874519e-05; 
86.27739419023823; 7.55581422709e-05; 
86.7244273207576; 0.000110215281893; 
87.17146045127697; 2.93568937195e-05; 
87.61849358179633; 3.32621784764e-05; 
88.0655267123157; 6.45605250611e-05; 
88.51255984283507; 7.51557818148e-05; 
88.95959297335445; 8.4109546151e-05; 
89.4066261038738; 7.58488386055e-05; 
89.85365923439318; 5.41082699783e-05; 
90.30069236491255; 2.73707228189e-05; 
90.74772549543192; 5.10250138177e-05; 
91.19475862595128; 7.67026576796e-05; 
91.64179175647065; 7.43763812352e-05; 
92.08882488699003; 8.07770120446e-05; 
92.5358580175094; 7.64109154261e-06; 
92.98289114802876; 2.0459834559e-05; 
93.42992427854813; 5.30274264747e-05; 
93.8769574090675; 8.91439049155e-05; 
94.32399053958687; 4.76077948406e-05; 
94.77102367010623; 6.77747957525e-05; 
95.2180568006256; 8.81550004124e-05; 
95.66508993114498; 6.85971608618e-05; 
96.11212306166435; 0.000112260233436; 
96.55915619218372; 6.77015414112e-05; 
97.00618932270308; 5.74978294026e-05; 
97.45322245322245; 7.33328633942e-05; 
97.90025558374182; 4.2338619096e-05; 
98.3472887142612; 5.30735778739e-05; 
98.79432184478055; 3.18458478432e-05; 
99.24135497529993; 3.9505019231e-05; 
99.6883881058193; 6.94364207448e-05; 
100.1354212363387; 6.56941047055e-05; 
100.582454366858; 9.41992475418e-05; 
101.0294874973774; 7.92064602138e-05; 
101.4765206278968; 5.09886049258e-05; 
101.9235537584161; 6.29314163234e-05; 
102.3705868889355; 7.14478592272e-05; 
102.8176200194549; 5.7890003518e-05; 
103.2646531499743; 6.78525757394e-05; 
103.7116862804936; 8.08955373941e-05; 
104.158719411013; 0.000125921986182; 
104.6057525415324; 8.19585839054e-05; 
105.0527856720517; 2.4703620511e-05; 
105.4998188025711; 4.16803886765e-05; 
105.9468519330905; 9.60210309131e-05; 
106.3938850636098; 6.22835286777e-05; 
106.8409181941292; 8.55026082718e-05; 
107.2879513246486; 9.39329256653e-05; 
107.7349844551679; 6.50146394037e-05; 
108.1820175856873; 3.00453175441e-05; 
108.6290507162067; 1.41079499372e-05; 
109.076083846726; 4.7236590035e-05; 
109.5231169772454; 5.41422741662e-05; 
109.9701501077648; 7.85192532931e-05; 
110.4171832382842; 7.11481989129e-05; 
110.8642163688035; 5.39853208466e-05; 
111.3112494993229; 5.59012914891e-05; 
111.7582826298423; 7.36280780984e-05; 
112.2053157603616; 0.000106994186353; 
112.652348890881; 4.28758357884e-05; 
113.0993820214004; 4.0380135033e-05; 
113.5464151519197; 8.24900489533e-05; 
113.9934482824391; 0.000113121634058; 
114.4404814129585; 9.11572496989e-05; 
114.8875145434778; 6.32788724033e-05; 
115.3345476739972; 3.19028404192e-05; 
115.7815808045166; 3.43053216056e-05; 
116.228613935036; 4.61552590423e-05; 
116.6756470655553; 9.339927783e-05; 
117.1226801960747; 4.3197433115e-05; 
117.5697133265941; 1.60728704941e-05; 
118.0167464571134; 9.15191503736e-06; 
118.4637795876328; 4.67909339932e-05; 
118.9108127181522; 8.18533662823e-05; 
119.3578458486715; 0.000173013890162; 
119.8048789791909; 0.000376360781956; 
120.2519121097103; 0.000206994023756; 
120.6989452402296; 0.000104781334812; 
121.145978370749; 1.61063835549e-05; 
121.5930115012684; 3.5369896068e-05; 
122.0400446317878; 9.07791691134e-05; 
122.4870777623071; 0.000158816794283; 
122.9341108928265; 0.000141766606248; 
123.3811440233459; 6.63575483486e-05; 
123.8281771538652; 3.99420314352e-05; 
124.2752102843846; 2.8499200198e-05; 
124.722243414904; 0.000100011355244; 
125.1692765454233; 9.51281981543e-05; 
125.6163096759427; 5.22985465068e-05; 
126.0633428064621; 3.35966178682e-05; 
126.5103759369814; 8.47543633427e-05; 
126.9574090675008; 8.95608027349e-05; 
127.4044421980202; 0.000100197794382; 
127.8514753285395; 0.000101528479718; 
128.2985084590589; 7.42850825191e-05; 
128.7455415895783; 0.0001182052074; 
129.1925747200977; 0.000109222259198; 
129.639607850617; 9.07349749468e-05; 
130.0866409811364; 8.16887404653e-05; 
130.5336741116558; 1.75337809196e-05; 
130.9807072421751; 3.29968570441e-05; 
131.4277403726945; 3.95112474507e-05; 
131.8747735032139; 8.54566242197e-05; 
132.3218066337332; 2.35926800087e-05; 
132.7688397642526; 5.13199775014e-05; 
133.215872894772; 6.42178929411e-05; 
133.6629060252913; 3.93673835788e-05; 
134.1099391558107; 5.63491230423e-05; 
134.5569722863301; 6.94387417752e-05; 
135.0040054168495; 4.56059315184e-05; 
135.4510385473688; 4.30376603617e-05; 
135.8980716778882; 5.88256943956e-06; 
136.3451048084076; 4.58396425529e-05; 
136.7921379389269; 4.03679114243e-05; 
137.2391710694463; 7.34392597224e-05; 
137.6862041999657; 7.67306919442e-05; 
138.133237330485; 6.80508383084e-05; 
138.5802704610044; 4.49515173386e-05; 
139.0273035915238; 4.06214494433e-05; 
139.4743367220431; 8.79093931871e-05; 
139.9213698525625; 7.04676640453e-05; 
140.3684029830819; 8.57830309542e-05; 
140.8154361136012; 9.57314841799e-05; 
141.2624692441206; 5.65348200325e-05; 
141.70950237464; 1.77271558641e-05; 
142.1565355051594; 5.77357350267e-05; 
142.6035686356787; 2.57881201833e-05; 
143.0506017661981; 2.82691289613e-05; 
143.4976348967175; 5.30305514985e-05; 
143.9446680272368; 4.65498451376e-05; 
144.3917011577562; 0.000105181876279; 
144.8387342882756; 0.000133766327053; 
145.2857674187949; 0.000119805234135; 
145.7328005493143; 4.59452785435e-05; 
146.1798336798337; 5.36765364814e-05; 
146.6268668103531; 8.87296337169e-05; 
147.0738999408724; 3.74403025489e-05; 
147.5209330713918; 4.32383494626e-05; 
147.9679662019112; 8.62536326167e-05; 
148.4149993324305; 0.000103297745227; 
148.8620324629499; 9.80435142992e-05; 
149.3090655934693; 1.76455596375e-05; 
149.7560987239886; 8.95871198736e-05; 
150.203131854508; 8.32420191728e-05; 
150.6501649850274; 2.9271661333e-05; 
151.0971981155467; 0.000143880242831; 
151.5442312460661; 0.000151799977175; 
151.9912643765855; 5.39361099072e-05; 
152.4382975071048; 3.77187425329e-05; 
152.8853306376242; 0.000100312623545; 
153.3323637681436; 9.48617525864e-05; 
153.779396898663; 9.33828141569e-06; 
154.2264300291823; 6.94797563483e-05; 
154.6734631597017; 8.55097896419e-05; 
155.1204962902211; 4.57132700831e-05; 
155.5675294207404; 2.95079171337e-05; 
156.0145625512598; 6.63367754896e-05; 
156.4615956817792; 5.92266078456e-05; 
156.9086288122985; 5.93180229771e-05; 
157.3556619428179; 4.5687535021e-05; 
157.8026950733373; 5.08723242092e-05; 
158.2497282038566; 4.80664748466e-05; 
158.696761334376; 4.33396126027e-05; 
159.1437944648954; 6.68672437314e-05; 
159.5908275954147; 5.19659588463e-05; 
160.0378607259341; 5.91293101024e-05; 
160.4848938564535; 8.66625268827e-05; 
160.9319269869729; 1.94675849343e-05; 
161.3789601174922; 7.68713580328e-05; 
161.8259932480116; 1.50482001118e-05; 
162.273026378531; 3.05563080474e-05; 
162.7200595090503; 1.89317561308e-05; 
163.1670926395697; 1.82969561138e-05; 
163.6141257700891; 8.23960726848e-06; 
164.0611589006084; 1.70629937202e-05; 
164.5081920311278; 3.38085083058e-05; 
164.9552251616472; 4.3745716539e-05; 
165.4022582921666; 5.33197853656e-05; 
165.8492914226859; 2.82090804831e-05; 
166.2963245532053; 3.02427870338e-05; 
166.7433576837247; 4.08615414926e-05; 
167.190390814244; 4.76760214951e-05; 
167.6374239447634; 2.23763690883e-05; 
168.0844570752828; 2.2964009986e-05; 
168.5314902058021; 1.61366224347e-05; 
168.9785233363215; 5.45266084373e-05; 
169.4255564668409; 6.02839245403e-05; 
169.8725895973602; 3.54517287633e-05; 
170.3196227278796; 1.2263998542e-05; 
170.766655858399; 4.45884943474e-05; 
171.2136889889183; 4.92816870974e-05; 
171.6607221194377; 4.19049029006e-05; 
172.1077552499571; 3.37164201483e-05; 
172.5547883804765; 4.99735324411e-05; 
173.0018215109958; 6.41666119918e-05; 
173.4488546415152; 1.21128932733e-05; 
173.8958877720346; 6.40776852379e-05; 
174.3429209025539; 6.14269520156e-05; 
174.7899540330733; 3.52608367393e-05; 
175.2369871635927; 5.94697594352e-05; 
175.684020294112; 7.97370666987e-05; 
176.1310534246314; 7.69246908021e-05; 
176.5780865551508; 2.68289277301e-05; 
177.0251196856701; 2.64814407274e-05; 
177.4721528161895; 2.81125703623e-05; 
177.9191859467089; 1.52370139404e-05; 
178.3662190772282; 0.000106217448774; 
178.8132522077476; 0.000170104234712; 
179.260285338267; 0.00180643610656; 
179.7073184687864; 0.00638632010669; 
180.1543515993057; 0.00511592486873; 
180.6013847298251; 0.000614369870164; 
181.0484178603445; 0.000112451969471; 
181.4954509908638; 6.57818163745e-05; 
181.9424841213832; 3.91652938561e-05; 
182.3895172519026; 2.49702552537e-05; 
182.8365503824219; 5.24419701833e-05; 
183.2835835129413; 5.47997224203e-05; 
183.7306166434607; 5.00616733916e-05; 
184.1776497739801; 6.31868751952e-05; 
184.6246829044994; 2.72842062259e-05; 
185.0717160350188; 5.17299631611e-05; 
185.5187491655382; 3.807423127e-05; 
185.9657822960575; 4.93791012559e-05; 
186.4128154265769; 2.95819882012e-05; 
186.8598485570963; 6.85715212967e-06; 
187.3068816876156; 1.28509218484e-05; 
187.753914818135; 3.68227301806e-05; 
188.2009479486544; 6.10933057033e-05; 
188.6479810791737; 4.57032474515e-05; 
189.0950142096931; 4.00071403419e-05; 
189.5420473402125; 5.40857836313e-05; 
189.9890804707318; 6.6899585363e-05; 
190.4361136012512; 4.13355191995e-05; 
190.8831467317706; 6.22423540335e-05; 
191.33017986229; 7.70118422224e-05; 
191.7772129928093; 3.51970193151e-05; 
192.2242461233287; 6.6353699367e-05; 
192.6712792538481; 6.4652544097e-05; 
193.1183123843674; 4.09923886764e-05; 
193.5653455148868; 6.91477689543e-05; 
194.0123786454062; 0.000116708186397; 
194.4594117759255; 6.21751969447e-05; 
194.9064449064449; 0.000100591329101; 
195.3534780369643; 5.84603330935e-05; 
195.8005111674836; 6.3861196395e-05; 
196.247544298003; 5.03044429934e-05; 
196.6945774285224; 5.98662227276e-05; 
197.1416105590417; 9.13095500437e-05; 
197.5886436895611; 7.36431175028e-05; 
198.0356768200805; 5.06143660459e-05; 
198.4827099505999; 8.69549476192e-05; 
198.9297430811192; 0.000130337866722; 
199.3767762116386; 8.55569378473e-05; 
199.823809342158; 5.50889526494e-05; 
200.2708424726773; 0.000111597430077; 
200.7178756031967; 9.14671909413e-05; 
201.1649087337161; 7.69637626945e-05; 
201.6119418642354; 5.11141879542e-05; 
202.0589749947548; 5.14641833433e-05; 
202.5060081252742; 6.36827244307e-05; 
202.9530412557936; 0.000105688945041; 
203.4000743863129; 0.000115922928671; 
203.8471075168323; 9.61095211096e-05; 
204.2941406473517; 4.57516034658e-05; 
204.741173777871; 7.20363022992e-05; 
205.1882069083904; 4.48738137493e-06; 
205.6352400389098; 7.7022043115e-05; 
206.0822731694291; 0.00010569432925; 
206.5293062999485; 7.21666074242e-05; 
206.9763394304679; 3.14078861265e-05; 
207.4233725609872; 4.74287207908e-06; 
207.8704056915066; 6.97929272064e-06; 
208.317438822026; 4.7914476454e-05; 
208.7644719525453; 6.43297244096e-05; 
209.2115050830647; 8.81091909832e-05; 
209.6585382135841; 5.5820975831e-05; 
210.1055713441035; 5.4543659644e-05; 
210.5526044746228; 0.000100585144537; 
210.9996376051422; 8.59121792018e-05; 
211.4466707356616; 7.46162040741e-05; 
211.8937038661809; 4.90494530823e-05; 
212.3407369967003; 5.29945355083e-05; 
212.7877701272197; 6.94982081768e-05; 
213.234803257739; 6.80378288962e-05; 
213.6818363882584; 2.7676767786e-05; 
214.1288695187778; 3.48433059116e-05; 
214.5759026492971; 4.09611639043e-05; 
215.0229357798165; 2.57349347521e-05; 
215.4699689103359; 9.73924124992e-06; 
215.9170020408552; 2.58289146586e-05; 
216.3640351713746; 7.41833064239e-05; 
216.811068301894; 6.26955879852e-05; 
217.2581014324134; 4.91517894261e-05; 
217.7051345629327; 4.68156322313e-05; 
218.1521676934521; 7.87286044215e-05; 
218.5992008239715; 7.79852052801e-06; 
219.0462339544908; 4.07825864386e-05; 
219.4932670850102; 2.49579061347e-05; 
219.9403002155296; 6.30051508779e-05; 
220.3873333460489; 6.53177703498e-05; 
220.8343664765683; 4.81819442939e-05; 
221.2813996070877; 4.44624420197e-05; 
221.7284327376071; 9.64877035585e-05; 
222.1754658681264; 6.31221264484e-05; 
222.6224989986458; 5.67607312405e-05; 
223.0695321291652; 7.64942888054e-05; 
223.5165652596845; 4.02396035497e-05; 
223.9635983902039; 9.47489970713e-05; 
224.4106315207233; 9.06343339011e-05; 
224.8576646512426; 3.22737359966e-05; 
225.304697781762; 6.89248190611e-05; 
225.7517309122814; 0.000161302275956; 
226.1987640428007; 0.000174982866156; 
226.6457971733201; 0.000125802980619; 
227.0928303038395; 8.72103555594e-05; 
227.5398634343588; 7.23466218915e-05; 
227.9868965648782; 6.7605964432e-05; 
228.4339296953976; 9.07299763639e-05; 
228.880962825917; 4.46424455731e-05; 
229.3279959564363; 8.31473153085e-05; 
229.7750290869557; 2.74945341516e-05; 
230.2220622174751; 5.64482070331e-05; 
230.6690953479944; 0.00010898700566; 
231.1161284785138; 8.3881590399e-05; 
231.5631616090332; 6.82879035594e-05; 
232.0101947395525; 3.63808612747e-05; 
232.4572278700719; 2.28177104873e-05; 
232.9042610005913; 5.87806789554e-05; 
233.3512941311106; 2.33918126469e-05; 
233.79832726163; 6.05088243901e-05; 
234.2453603921494; 3.20910658047e-05; 
234.6923935226687; 6.11337018199e-05; 
235.1394266531881; 3.83916958526e-05; 
235.5864597837075; 2.7822683478e-05; 
236.0334929142269; 6.83458929416e-05; 
236.4805260447462; 0.000102373000118; 
236.9275591752656; 0.00010037379252; 
237.374592305785; 4.28708081017e-05; 
237.8216254363043; 4.3121730414e-05; 
238.2686585668237; 2.86495342152e-05; 
238.7156916973431; 4.35406873294e-05; 
239.1627248278624; 2.01955735974e-05; 
239.6097579583818; 0.000104438426206; 
240.0567910889012; 0.000132130764541; 
240.5038242194206; 3.84857703466e-05; 
240.9508573499399; 2.08183028008e-05; 
241.3978904804593; 7.01227327227e-05; 
241.8449236109787; 3.19593673339e-05; 
242.291956741498; 6.24620952294e-05; 
242.7389898720174; 0.000104096819996; 
243.1860230025368; 1.62167889357e-05; 
243.6330561330561; 6.44259780529e-05; 
244.0800892635755; 7.29344319552e-05; 
244.5271223940949; 8.04292940302e-05; 
244.9741555246142; 7.8981378465e-05; 
245.4211886551336; 9.51242109295e-05; 
245.868221785653; 6.03077751293e-05; 
246.3152549161723; 4.09465901612e-05; 
246.7622880466917; 4.07461484428e-05; 
247.2093211772111; 8.75264813658e-05; 
247.6563543077305; 0.000120260745462; 
248.1033874382498; 0.000105179540697; 
248.5504205687692; 8.27668554848e-05; 
248.9974536992886; 6.09042326687e-05; 
249.4444868298079; 2.94418550766e-05; 
249.8915199603273; 1.47009068314e-05; 
250.3385530908467; 4.83548319608e-05; 
250.785586221366; 2.74592039204e-05; 
251.2326193518854; 4.42931559519e-05; 
251.6796524824048; 4.13309353462e-05; 
252.1266856129241; 5.46581250092e-05; 
252.5737187434435; 2.99830408039e-05; 
253.0207518739629; 2.33236187341e-05; 
253.4677850044822; 6.02041145612e-05; 
253.9148181350016; 7.09180822014e-05; 
254.361851265521; 5.82790671615e-05; 
254.8088843960404; 4.53453576483e-05; 
255.2559175265597; 8.96244455362e-05; 
255.7029506570791; 0.00010150198068; 
256.1499837875984; 3.16948717227e-05; 
256.5970169181178; 7.10743188392e-05; 
257.0440500486372; 5.31375990249e-05; 
257.4910831791566; 4.50413717772e-05; 
257.9381163096759; 5.04653908138e-05; 
258.3851494401953; 4.37641028839e-05; 
258.8321825707147; 3.53209215973e-05; 
259.279215701234; 3.04021468764e-05; 
259.7262488317534; 7.46279984014e-05; 
260.1732819622728; 9.24579217099e-05; 
260.6203150927922; 4.8942896683e-05; 
261.0673482233115; 4.33842396887e-05; 
261.5143813538309; 6.90211090841e-05; 
261.9614144843503; 0.0001025120946; 
262.4084476148697; 9.25204949453e-05; 
262.855480745389; 3.68909168174e-05; 
263.3025138759083; 4.87713878101e-05; 
263.7495470064277; 7.85514712334e-05; 
264.1965801369471; 9.3558584922e-05; 
264.6436132674665; 7.30765095796e-05; 
265.0906463979858; 3.73699404008e-05; 
265.5376795285052; 4.89158192067e-05; 
265.9847126590246; 6.43679013592e-05; 
266.4317457895439; 7.30983956601e-05; 
266.8787789200633; 7.43042037357e-05; 
267.3258120505827; 6.43979219603e-05; 
267.7728451811021; 3.94615344703e-05; 
268.2198783116214; 4.08740525017e-05; 
268.6669114421408; 4.85601631226e-05; 
269.1139445726602; 6.19441125309e-05; 
269.5609777031796; 6.22645093245e-05; 
270.0080108336989; 3.95809474867e-05; 
270.4550439642182; 5.5249685829e-05; 
270.9020770947376; 8.29056371003e-05; 
271.349110225257; 5.67006572965e-05; 
271.7961433557764; 1.52014927153e-05; 
272.2431764862957; 3.00543233607e-05; 
272.6902096168151; 3.77347423637e-05; 
273.1372427473345; 5.79808220209e-05; 
273.5842758778539; 2.57306746789e-05; 
274.0313090083732; 8.45203103381e-05; 
274.4783421388926; 0.000104495004052; 
274.925375269412; 1.51890608322e-05; 
275.3724083999313; 4.9941616453e-05; 
275.8194415304507; 6.42130689812e-05; 
276.2664746609701; 9.83496429399e-05; 
276.7135077914895; 5.18215201737e-05; 
277.1605409220088; 5.66765411349e-05; 
277.6075740525282; 7.58785899961e-05; 
278.0546071830476; 2.9372946301e-05; 
278.5016403135669; 7.92143400759e-05; 
278.9486734440863; 0.000113802889246; 
279.3957065746056; 8.66512273205e-05; 
279.842739705125; 5.7046967413e-05; 
280.2897728356444; 5.92612886976e-05; 
280.7368059661638; 5.09920282639e-05; 
281.1838390966831; 4.18954514316e-05; 
281.6308722272025; 6.95583585184e-05; 
282.0779053577219; 9.80482363957e-05; 
282.5249384882412; 7.01118406141e-05; 
282.9719716187606; 2.79184878309e-05; 
283.41900474928; 3.846904292e-05; 
283.8660378797994; 2.63715373876e-05; 
284.3130710103187; 3.49846595782e-05; 
284.7601041408381; 2.86647409666e-05; 
285.2071372713575; 3.29384565703e-05; 
285.6541704018768; 6.81435776642e-05; 
286.1012035323962; 7.45440629544e-05; 
286.5482366629155; 4.77908579342e-05; 
286.9952697934349; 4.33944260294e-05; 
287.4423029239543; 9.52190021053e-05; 
287.8893360544737; 7.28936720407e-05; 
288.336369184993; 2.48363212449e-05; 
288.7834023155124; 7.20936659491e-05; 
289.2304354460318; 5.45922121091e-05; 
289.6774685765511; 3.6213943531e-05; 
290.1245017070705; 4.9040914746e-05; 
290.5715348375899; 2.59156786342e-05; 
291.0185679681093; 1.90181908692e-05; 
291.4656010986286; 1.08034901132e-05; 
291.912634229148; 3.83485967177e-05; 
292.3596673596674; 3.09808419843e-05; 
292.8067004901867; 4.1519630031e-05; 
293.2537336207061; 5.35970102646e-05; 
293.7007667512254; 6.15200769971e-05; 
294.1477998817448; 6.92147150403e-05; 
294.5948330122642; 2.523868352e-05; 
295.0418661427836; 4.01256220357e-05; 
295.4888992733029; 3.73591865355e-05; 
295.9359324038223; 6.6934262577e-05; 
296.3829655343417; 7.5148192991e-05; 
296.829998664861; 2.71958851954e-05; 
297.2770317953804; 4.14110218117e-05; 
297.7240649258998; 2.40173394559e-05; 
298.1710980564192; 5.43739115528e-05; 
298.6181311869385; 6.41482911306e-05; 
299.0651643174579; 0.000361445185263; 
299.5121974479773; 0.00229943613522; 
299.9592305784967; 0.00253897067159; 
300.406263709016; 0.000573201978114; 
300.8532968395353; 0.000106287938252; 
301.3003299700547; 4.32494016422e-05; 
301.7473631005741; 9.99085677904e-05; 
302.1943962310935; 3.33772259182e-05; 
302.6414293616128; 3.53834038833e-05; 
303.0884624921322; 8.10878336779e-05; 
303.5354956226516; 9.73660717136e-05; 
303.9825287531709; 5.39127358934e-05; 
304.4295618836903; 3.90183849959e-05; 
304.8765950142097; 1.32043451231e-05; 
305.3236281447291; 3.27171510435e-05; 
305.7706612752484; 2.24555860768e-05; 
306.2176944057678; 4.75083579659e-05; 
306.6647275362872; 3.77131909772e-05; 
307.1117606668066; 4.87076831632e-05; 
307.5587937973259; 3.72658178094e-05; 
308.0058269278452; 4.77606627101e-05; 
308.4528600583646; 8.61456719576e-05; 
308.899893188884; 6.41965598334e-05; 
309.3469263194034; 1.38633822644e-05; 
309.7939594499227; 3.36589982908e-05; 
310.2409925804421; 7.80669579399e-05; 
310.6880257109615; 6.07950460108e-05; 
311.1350588414809; 4.28245948569e-05; 
311.5820919720002; 5.68959912925e-05; 
312.0291251025196; 7.24817509763e-05; 
312.476158233039; 9.39792516874e-05; 
312.9231913635583; 7.32936387067e-05; 
313.3702244940777; 1.2832028915e-05; 
313.8172576245971; 3.65266823792e-05; 
314.2642907551165; 3.352386193e-05; 
314.7113238856358; 6.60260411678e-05; 
315.1583570161552; 2.92997501674e-05; 
315.6053901466746; 4.40913936472e-05; 
316.0524232771939; 1.51851063492e-05; 
316.4994564077133; 8.89106377144e-05; 
316.9464895382326; 5.87309223192e-05; 
317.393522668752; 9.50145258685e-05; 
317.8405557992714; 8.76519043231e-05; 
318.2875889297908; 2.55974264292e-05; 
318.7346220603101; 4.17732735514e-05; 
319.1816551908295; 5.03343035234e-05; 
319.6286883213489; 8.70165167726e-05; 
320.0757214518682; 2.54120077443e-05; 
320.5227545823876; 1.62432406796e-05; 
320.969787712907; 4.14240494138e-05; 
