% Module: Scope, ID: c0p1t6p1cfm0
% Device: DEV7225
% Time: 2026/04/06 19:21:20
% Wave Channel 1, /dev7225/scopes/0/wave.0BWN
% Wave Channel 2, /dev7225/scopes/0/wave.1BWN
% Frequency (Hz); Wave Channel 1  Spectral Density (V/√Hz); Wave Channel 2  Spectral Density (√Hz)
0; 3.22923922539; 
0.447033130519369; 2.29645466805; 
0.8940662610387381; 0.0319728478789; 
1.341099391558107; 0.00743568595499; 
1.788132522077476; 0.00348126981407; 
2.235165652596845; 0.00131352257449; 
2.682198783116214; 0.000600676285103; 
3.129231913635584; 0.000854794750921; 
3.576265044154952; 0.000189065365703; 
4.023298174674322; 0.00047864485532; 
4.470331305193691; 0.000428678555181; 
4.917364435713059; 0.000318843638524; 
5.364397566232428; 0.000195362474187; 
5.811430696751797; 2.9055552659e-05; 
6.258463827271167; 0.000129807944177; 
6.705496957790536; 8.3633531176e-05; 
7.152530088309905; 0.000167928214069; 
7.599563218829274; 0.000306761503452; 
8.046596349348643; 0.000173093227204; 
8.493629479868012; 0.000148345847265; 
8.940662610387381; 0.000216751650441; 
9.38769574090675; 0.000323730026139; 
9.834728871426119; 0.000187405210454; 
10.28176200194549; 6.10539500485e-05; 
10.72879513246486; 0.000104746177385; 
11.17582826298423; 0.00022812433599; 
11.62286139350359; 0.000207377277547; 
12.06989452402297; 0.000199302347028; 
12.51692765454233; 8.71057927725e-05; 
12.9639607850617; 0.000138554169098; 
13.41099391558107; 0.000174484506715; 
13.85802704610044; 0.000114248723548; 
14.30506017661981; 0.00013225285511; 
14.75209330713918; 0.000116516028356; 
15.19912643765855; 7.6038093539e-05; 
15.64615956817792; 3.73231232516e-05; 
16.09319269869729; 0.000100639539596; 
16.54022582921666; 0.000164895813214; 
16.98725895973602; 0.000132794521051; 
17.43429209025539; 0.000114688729809; 
17.88132522077476; 0.000120292468637; 
18.32835835129413; 9.20394159039e-05; 
18.7753914818135; 0.000110431850771; 
19.22242461233287; 0.000188103498658; 
19.66945774285224; 0.000159101691679; 
20.11649087337161; 9.6321287856e-05; 
20.56352400389098; 0.000163283242728; 
21.01055713441034; 0.000142412478453; 
21.45759026492971; 7.50308245188e-05; 
21.90462339544908; 0.000150530730025; 
22.35165652596845; 0.00021783261036; 
22.79868965648782; 0.000141708005685; 
23.24572278700719; 5.94113116676e-05; 
23.69275591752656; 0.000171949184733; 
24.13978904804593; 0.000163118471391; 
24.5868221785653; 8.06095340522e-05; 
25.03385530908467; 8.00143825472e-05; 
25.48088843960404; 0.000158805691171; 
25.92792157012341; 0.000213024555705; 
26.37495470064277; 0.000142588149174; 
26.82198783116214; 5.44749418623e-05; 
27.26902096168151; 0.00010656286031; 
27.71605409220088; 0.000116395662189; 
28.16308722272025; 0.000108647764137; 
28.61012035323962; 0.000127288323711; 
29.05715348375899; 0.000183478638064; 
29.50418661427836; 0.000124434896861; 
29.95121974479773; 5.30697034264e-05; 
30.39825287531709; 6.46600601613e-05; 
30.84528600583646; 0.000122004195873; 
31.29231913635583; 5.20709872944e-05; 
31.7393522668752; 8.14622617327e-05; 
32.18638539739457; 5.13747800142e-05; 
32.63341852791394; 0.000138918461744; 
33.08045165843331; 5.80482883379e-05; 
33.52748478895268; 0.000117686999147; 
33.97451791947205; 0.000119994096167; 
34.42155104999141; 0.000134471105412; 
34.86858418051079; 4.61726667709e-05; 
35.31561731103015; 0.000136662405566; 
35.76265044154952; 9.97234019451e-05; 
36.20968357206889; 1.86376219062e-05; 
36.65671670258826; 4.86753197038e-05; 
37.10374983310763; 5.16619729751e-05; 
37.550782963627; 9.79104879661e-05; 
37.99781609414637; 6.62906895741e-05; 
38.44484922466574; 9.90727930912e-05; 
38.89188235518511; 0.000216640342842; 
39.33891548570448; 0.000175727647729; 
39.78594861622385; 0.000101968085801; 
40.23298174674321; 7.35283028916e-05; 
40.68001487726259; 5.01187314512e-05; 
41.12704800778195; 2.73392706731e-05; 
41.57408113830132; 9.22782783164e-05; 
42.02111426882069; 6.47123961244e-05; 
42.46814739934006; 5.07639342686e-05; 
42.91518052985943; 2.82090513792e-05; 
43.3622136603788; 6.39955978841e-05; 
43.80924679089816; 8.89710718184e-05; 
44.25627992141754; 7.07691142452e-05; 
44.7033130519369; 8.66461195983e-05; 
45.15034618245627; 0.000166986588738; 
45.59737931297564; 0.000162266107509; 
46.04441244349501; 0.000147515995195; 
46.49144557401438; 0.000175308290636; 
46.93847870453375; 0.000165814853972; 
47.38551183505312; 0.000105904910015; 
47.83254496557249; 0.0001045753379; 
48.27957809609186; 4.17151932197e-05; 
48.72661122661123; 9.22717808862e-05; 
49.1736443571306; 3.31931441906e-05; 
49.62067748764996; 4.52178355772e-05; 
50.06771061816934; 0.000102693134977; 
50.5147437486887; 0.000110563218186; 
50.96177687920807; 4.00214266847e-05; 
51.40881000972744; 7.10488675395e-05; 
51.85584314024681; 0.000105902538053; 
52.30287627076618; 0.00011003419786; 
52.74990940128555; 0.000136041184305; 
53.19694253180491; 0.000115246119094; 
53.64397566232429; 1.3007803318e-05; 
54.09100879284365; 2.02396295208e-05; 
54.53804192336302; 1.5482712115e-05; 
54.98507505388239; 4.68590442324e-05; 
55.43210818440176; 6.37629200355e-05; 
55.87914131492113; 2.53733251157e-05; 
56.3261744454405; 7.90462363511e-05; 
56.77320757595987; 0.000117251584015; 
57.22024070647924; 8.08721233625e-05; 
57.66727383699861; 3.72915455955e-05; 
58.11430696751798; 1.09183483801e-05; 
58.56134009803735; 3.93833688577e-05; 
59.00837322855671; 3.72970607714e-05; 
59.45540635907609; 0.00196813978255; 
59.90243948959545; 0.00455677183345; 
60.34947262011482; 0.00260538933799; 
60.79650575063419; 5.17784537806e-05; 
61.24353888115356; 0.000120043579955; 
61.69057201167293; 5.20295943716e-05; 
62.1376051421923; 0.000101469049696; 
62.58463827271166; 0.000184461343451; 
63.03167140323104; 0.000100784163806; 
63.4787045337504; 0.000132059110911; 
63.92573766426977; 0.000160726049216; 
64.37277079478915; 7.40438626963e-05; 
64.81980392530851; 8.67517155712e-05; 
65.26683705582788; 5.29763638042e-05; 
65.71387018634725; 9.5843381132e-05; 
66.16090331686662; 0.000225863870583; 
66.60793644738598; 0.000319601036608; 
67.05496957790535; 0.000259254942648; 
67.50200270842473; 0.000114320399007; 
67.9490358389441; 3.37534183927e-05; 
68.39606896946347; 4.91161881655e-05; 
68.84310209998283; 0.000110929868242; 
69.2901352305022; 0.00012610014528; 
69.73716836102157; 4.88048935949e-05; 
70.18420149154095; 9.36209980864e-05; 
70.6312346220603; 4.4396652811e-05; 
71.07826775257968; 9.46597137954e-05; 
71.52530088309905; 0.00014028098667; 
71.97233401361842; 0.000144864185131; 
72.41936714413778; 0.000114846690849; 
72.86640027465715; 9.72076668404e-05; 
73.31343340517653; 0.000154649605975; 
73.7604665356959; 0.000161959716934; 
74.20749966621526; 0.000126638115034; 
74.65453279673463; 0.000107665262476; 
75.101565927254; 5.80321502639e-05; 
75.54859905777337; 2.33795290114e-05; 
75.99563218829273; 5.43888345419e-05; 
76.4426653188121; 3.8412912545e-05; 
76.88969844933148; 5.2601491916e-05; 
77.33673157985085; 5.95255296503e-05; 
77.78376471037022; 8.08209370007e-05; 
78.23079784088958; 0.000136731934617; 
78.67783097140895; 4.65163575427e-05; 
79.12486410192832; 0.000156033667736; 
79.5718972324477; 7.37024020054e-05; 
80.01893036296705; 4.51164996775e-05; 
80.46596349348643; 0.000148286097101; 
80.9129966240058; 0.000200859169126; 
81.36002975452517; 8.94581899047e-05; 
81.80706288504453; 7.93270810391e-05; 
82.2540960155639; 6.37058183202e-05; 
82.70112914608328; 5.07520999236e-05; 
83.14816227660265; 0.000124004407553; 
83.59519540712201; 0.000149432511535; 
84.04222853764138; 0.000104931481474; 
84.48926166816075; 5.30227880517e-05; 
84.93629479868012; 9.46802683757e-05; 
85.38332792919948; 0.000125793361804; 
85.83036105971885; 0.000166869474924; 
86.27739419023823; 0.000104708095023; 
86.7244273207576; 0.0001116587664; 
87.17146045127697; 0.000114932132419; 
87.61849358179633; 0.000114795497211; 
88.0655267123157; 0.000145219120895; 
88.51255984283507; 4.21455442847e-05; 
88.95959297335445; 8.44301030156e-06; 
89.4066261038738; 8.79898652784e-05; 
89.85365923439318; 0.00012308062287; 
90.30069236491255; 4.56675770693e-05; 
90.74772549543192; 7.96140811872e-05; 
91.19475862595128; 6.06142202741e-05; 
91.64179175647065; 8.6992920842e-05; 
92.08882488699003; 0.000103784259409; 
92.5358580175094; 0.000101549900137; 
92.98289114802876; 0.000165185701917; 
93.42992427854813; 0.000136649206979; 
93.8769574090675; 9.09630980459e-05; 
94.32399053958687; 9.15991331567e-05; 
94.77102367010623; 5.21607871633e-05; 
95.2180568006256; 2.40392728301e-05; 
95.66508993114498; 6.92016765242e-05; 
96.11212306166435; 0.000118975811347; 
96.55915619218372; 0.000117117218906; 
97.00618932270308; 8.33537633298e-05; 
97.45322245322245; 9.4389761216e-05; 
97.90025558374182; 3.65915002476e-05; 
98.3472887142612; 9.64101709542e-05; 
98.79432184478055; 7.32720291126e-05; 
99.24135497529993; 7.20080570318e-05; 
99.6883881058193; 6.05992245255e-05; 
100.1354212363387; 5.38152380614e-05; 
100.582454366858; 6.99212687323e-05; 
101.0294874973774; 9.82115598163e-05; 
101.4765206278968; 7.51605984988e-05; 
101.9235537584161; 6.86976709403e-05; 
102.3705868889355; 1.9352966774e-05; 
102.8176200194549; 7.24051278667e-05; 
103.2646531499743; 8.41296205181e-05; 
103.7116862804936; 0.000141041397001; 
104.158719411013; 0.000101660196378; 
104.6057525415324; 0.000169320919667; 
105.0527856720517; 0.000166242520208; 
105.4998188025711; 0.000109806271212; 
105.9468519330905; 8.47927949508e-05; 
106.3938850636098; 9.22814069781e-05; 
106.8409181941292; 7.11983884685e-05; 
107.2879513246486; 3.02068947349e-05; 
107.7349844551679; 2.81116317637e-05; 
108.1820175856873; 4.19387251895e-05; 
108.6290507162067; 6.6397311457e-05; 
109.076083846726; 0.000103243117337; 
109.5231169772454; 3.25961154886e-05; 
109.9701501077648; 8.63297027536e-05; 
110.4171832382842; 0.000127499079099; 
110.8642163688035; 7.35446665203e-05; 
111.3112494993229; 3.77266514988e-05; 
111.7582826298423; 6.43336243229e-05; 
112.2053157603616; 6.19946949882e-05; 
112.652348890881; 3.92835463572e-05; 
113.0993820214004; 7.67595847719e-05; 
113.5464151519197; 6.01110332354e-05; 
113.9934482824391; 5.54826656298e-05; 
114.4404814129585; 6.81060482748e-05; 
114.8875145434778; 9.67375744949e-05; 
115.3345476739972; 0.000112960769911; 
115.7815808045166; 6.39199424768e-05; 
116.228613935036; 1.57917493198e-05; 
116.6756470655553; 8.72906603036e-05; 
117.1226801960747; 9.61807818385e-05; 
117.5697133265941; 7.23365155864e-05; 
118.0167464571134; 5.19515742781e-05; 
118.4637795876328; 4.86272292619e-05; 
118.9108127181522; 7.09840460331e-05; 
119.3578458486715; 0.000103750287963; 
119.8048789791909; 0.000379322678782; 
120.2519121097103; 0.000302766391542; 
120.6989452402296; 8.77732600202e-05; 
121.145978370749; 3.91627654608e-05; 
121.5930115012684; 9.90885819192e-05; 
122.0400446317878; 0.000115936891234; 
122.4870777623071; 0.000194212378119; 
122.9341108928265; 0.000179562295671; 
123.3811440233459; 8.26731993584e-05; 
123.8281771538652; 0.000134199144668; 
124.2752102843846; 0.000105606130091; 
124.722243414904; 3.82771031582e-05; 
125.1692765454233; 0.000111907866085; 
125.6163096759427; 6.5057334723e-05; 
126.0633428064621; 0.00010097980703; 
126.5103759369814; 0.000138762407005; 
126.9574090675008; 0.000121202967421; 
127.4044421980202; 0.000145255864481; 
127.8514753285395; 0.000156849564519; 
128.2985084590589; 7.56750741857e-05; 
128.7455415895783; 4.85899799969e-05; 
129.1925747200977; 4.68758407806e-05; 
129.639607850617; 7.58719979785e-05; 
130.0866409811364; 8.84371766006e-05; 
130.5336741116558; 3.86018909921e-05; 
130.9807072421751; 4.04453458032e-05; 
131.4277403726945; 4.26537990279e-05; 
131.8747735032139; 7.93410290498e-05; 
132.3218066337332; 2.34279486904e-05; 
132.7688397642526; 5.47572963114e-05; 
133.215872894772; 4.15312169935e-05; 
133.6629060252913; 0.00010524145182; 
134.1099391558107; 0.00010055777966; 
134.5569722863301; 0.000134739064379; 
135.0040054168495; 9.22894469113e-05; 
135.4510385473688; 0.000117090719868; 
135.8980716778882; 0.000118637501146; 
136.3451048084076; 4.35717192886e-05; 
136.7921379389269; 3.05189605569e-05; 
137.2391710694463; 0.000156058478751; 
137.6862041999657; 0.000128301078803; 
138.133237330485; 3.13251221087e-05; 
138.5802704610044; 0.000113069159852; 
139.0273035915238; 0.000105380277091; 
139.4743367220431; 6.21454892098e-05; 
139.9213698525625; 2.65458493232e-05; 
140.3684029830819; 1.7950329493e-05; 
140.8154361136012; 2.4627912353e-05; 
141.2624692441206; 4.63537653559e-05; 
141.70950237464; 0.000130475207698; 
142.1565355051594; 0.000125142498291; 
142.6035686356787; 9.9182681879e-05; 
143.0506017661981; 0.000114650007163; 
143.4976348967175; 0.000164115976077; 
143.9446680272368; 0.000185409720871; 
144.3917011577562; 0.000154657056555; 
144.8387342882756; 7.41194235161e-05; 
145.2857674187949; 6.32036899333e-05; 
145.7328005493143; 6.47708147881e-05; 
146.1798336798337; 2.21964783123e-05; 
146.6268668103531; 9.51538459049e-05; 
147.0738999408724; 0.000132559696794; 
147.5209330713918; 2.37133353949e-05; 
147.9679662019112; 7.06303180777e-05; 
148.4149993324305; 6.4288971771e-05; 
148.8620324629499; 5.09709607286e-05; 
149.3090655934693; 5.55764854653e-05; 
149.7560987239886; 9.76049705059e-05; 
150.203131854508; 8.09876582935e-05; 
150.6501649850274; 8.04858354968e-05; 
151.0971981155467; 5.20068097103e-05; 
151.5442312460661; 6.28688649158e-05; 
151.9912643765855; 4.60613482574e-05; 
152.4382975071048; 3.61752609024e-05; 
152.8853306376242; 2.265708099e-05; 
153.3323637681436; 8.37262996356e-05; 
153.779396898663; 7.27038641344e-05; 
154.2264300291823; 5.00852729601e-05; 
154.6734631597017; 5.9032747231e-05; 
155.1204962902211; 8.92379612196e-05; 
155.5675294207404; 8.41264700284e-05; 
156.0145625512598; 8.13402220956e-05; 
156.4615956817792; 0.000105111888843; 
156.9086288122985; 4.3698677473e-05; 
157.3556619428179; 9.45107312873e-05; 
157.8026950733373; 5.40402470506e-05; 
158.2497282038566; 6.66064006509e-05; 
158.696761334376; 2.03641666303e-05; 
159.1437944648954; 7.66498269513e-05; 
159.5908275954147; 8.7267406343e-05; 
160.0378607259341; 1.13782762128e-05; 
160.4848938564535; 3.58269753633e-05; 
160.9319269869729; 3.93449736293e-05; 
161.3789601174922; 6.7860361014e-05; 
161.8259932480116; 0.000107066938654; 
162.273026378531; 0.000135804948513; 
162.7200595090503; 0.000134621630423; 
163.1670926395697; 7.21913238522e-05; 
163.6141257700891; 5.05666503159e-05; 
164.0611589006084; 6.19018101133e-05; 
164.5081920311278; 1.71027932083e-05; 
164.9552251616472; 6.00354615017e-05; 
165.4022582921666; 6.0020636738e-05; 
165.8492914226859; 8.8757253252e-05; 
166.2963245532053; 0.000119682881632; 
166.7433576837247; 9.25092390389e-05; 
167.190390814244; 0.000117369789223; 
167.6374239447634; 0.000213437204366; 
168.0844570752828; 0.000130651213112; 
168.5314902058021; 0.000101153447758; 
168.9785233363215; 6.56855627312e-05; 
169.4255564668409; 9.47373337112e-05; 
169.8725895973602; 0.000109968510515; 
170.3196227278796; 0.00011973096116; 
170.766655858399; 9.08849106054e-05; 
171.2136889889183; 0.000120989214338; 
171.6607221194377; 0.000162166892551; 
172.1077552499571; 9.93848589133e-05; 
172.5547883804765; 2.48165506491e-05; 
173.0018215109958; 8.16348037915e-05; 
173.4488546415152; 6.33368399576e-05; 
173.8958877720346; 7.23382690921e-05; 
174.3429209025539; 6.80916418787e-05; 
174.7899540330733; 4.17311894125e-05; 
175.2369871635927; 8.93367832759e-05; 
175.684020294112; 0.000188556616195; 
176.1310534246314; 0.000143425160786; 
176.5780865551508; 4.76438835904e-05; 
177.0251196856701; 7.80468690209e-05; 
177.4721528161895; 4.28133826063e-05; 
177.9191859467089; 4.47876227554e-05; 
178.3662190772282; 0.000146152175148; 
178.8132522077476; 0.000215354273678; 
179.260285338267; 0.00230419356376; 
179.7073184687864; 0.00759833166376; 
180.1543515993057; 0.0058657201007; 
180.6013847298251; 0.00065619481029; 
181.0484178603445; 0.000189388607396; 
181.4954509908638; 5.4564588936e-05; 
181.9424841213832; 6.89111911925e-05; 
182.3895172519026; 0.000110325971036; 
182.8365503824219; 0.000118035510241; 
183.2835835129413; 5.68548239244e-05; 
183.7306166434607; 5.40446781088e-05; 
184.1776497739801; 6.33503805147e-05; 
184.6246829044994; 0.000179054462933; 
185.0717160350188; 0.000101817859104; 
185.5187491655382; 4.67301360914e-05; 
185.9657822960575; 9.00919258129e-05; 
186.4128154265769; 7.84201256465e-05; 
186.8598485570963; 6.82615864207e-05; 
187.3068816876156; 2.9431308576e-05; 
187.753914818135; 2.76404352917e-05; 
188.2009479486544; 0.000158100374392; 
188.6479810791737; 0.000130666885525; 
189.0950142096931; 7.2748225648e-05; 
189.5420473402125; 5.48531352251e-05; 
189.9890804707318; 0.000101794510556; 
190.4361136012512; 2.60725573753e-05; 
190.8831467317706; 4.60836636194e-05; 
191.33017986229; 5.74494806642e-05; 
191.7772129928093; 6.15702301729e-05; 
192.2242461233287; 5.72818935325e-05; 
192.6712792538481; 0.000150452644448; 
193.1183123843674; 0.000175982029759; 
193.5653455148868; 0.000132103421493; 
194.0123786454062; 0.000172978354385; 
194.4594117759255; 0.000158541835845; 
194.9064449064449; 0.000108806416392; 
195.3534780369643; 0.000101514517155; 
195.8005111674836; 4.76367858937e-05; 
196.247544298003; 3.82742327929e-05; 
196.6945774285224; 5.63451358175e-05; 
197.1416105590417; 0.000118085852591; 
197.5886436895611; 7.10476742825e-05; 
198.0356768200805; 7.55588480388e-05; 
198.4827099505999; 5.85189518461e-05; 
198.9297430811192; 5.3922078223e-05; 
199.3767762116386; 0.000138090064866; 
199.823809342158; 7.92009741417e-05; 
200.2708424726773; 0.000109069718746; 
200.7178756031967; 0.000114233633212; 
201.1649087337161; 7.02243123669e-05; 
201.6119418642354; 0.000135284804855; 
202.0589749947548; 0.000115636103146; 
202.5060081252742; 2.63525253104e-05; 
202.9530412557936; 5.89221090195e-05; 
203.4000743863129; 0.000109126878669; 
203.8471075168323; 3.85004859709e-05; 
204.2941406473517; 6.61039157421e-05; 
204.741173777871; 9.39784149523e-05; 
205.1882069083904; 7.7272146882e-05; 
205.6352400389098; 6.0851991293e-05; 
206.0822731694291; 0.000154949171701; 
206.5293062999485; 0.000162966840435; 
206.9763394304679; 8.11529316707e-05; 
207.4233725609872; 3.21295738104e-05; 
207.8704056915066; 2.54344067798e-05; 
208.317438822026; 5.47064300918e-05; 
208.7644719525453; 0.00015180009359; 
209.2115050830647; 0.000101161313069; 
209.6585382135841; 7.34943751013e-05; 
210.1055713441035; 6.19471029495e-05; 
210.5526044746228; 3.37760102411e-05; 
210.9996376051422; 9.43678387557e-05; 
211.4466707356616; 0.000164140190464; 
211.8937038661809; 0.000231953919865; 
212.3407369967003; 0.000117786788906; 
212.7877701272197; 6.15535464021e-05; 
213.234803257739; 8.54787649587e-05; 
213.6818363882584; 2.4663801014e-05; 
214.1288695187778; 0.000125283084344; 
214.5759026492971; 0.000145072903251; 
215.0229357798165; 9.44707499002e-05; 
215.4699689103359; 4.78361580463e-05; 
215.9170020408552; 4.04584607168e-05; 
216.3640351713746; 5.77618848183e-05; 
216.811068301894; 4.90223210363e-05; 
217.2581014324134; 0.000105284532765; 
217.7051345629327; 6.61644007778e-05; 
218.1521676934521; 6.20570353931e-05; 
218.5992008239715; 0.000147930462845; 
219.0462339544908; 0.000143707962707; 
219.4932670850102; 0.000149824889377; 
219.9403002155296; 8.79856743268e-05; 
220.3873333460489; 7.1361544542e-05; 
220.8343664765683; 9.32070033741e-05; 
221.2813996070877; 7.85312367952e-05; 
221.7284327376071; 9.99250987661e-05; 
222.1754658681264; 4.77696339658e-05; 
222.6224989986458; 4.68318394269e-05; 
223.0695321291652; 3.97058465751e-05; 
223.5165652596845; 0.000118950476462; 
223.9635983902039; 0.000158906274009; 
224.4106315207233; 5.71528071305e-05; 
224.8576646512426; 8.68060160428e-05; 
225.304697781762; 0.000104213446321; 
225.7517309122814; 7.78211979195e-05; 
226.1987640428007; 3.1119769119e-05; 
226.6457971733201; 7.82187125878e-05; 
227.0928303038395; 0.000134628950036; 
227.5398634343588; 2.15788768401e-05; 
227.9868965648782; 8.60996515257e-05; 
228.4339296953976; 8.47459305078e-05; 
228.880962825917; 0.000112636458653; 
229.3279959564363; 2.94017518172e-05; 
229.7750290869557; 3.64058505511e-05; 
230.2220622174751; 5.28918208147e-05; 
230.6690953479944; 8.75726909726e-05; 
231.1161284785138; 6.58748467686e-05; 
231.5631616090332; 1.72038598976e-05; 
232.0101947395525; 3.42120147252e-05; 
232.4572278700719; 2.0620336727e-05; 
232.9042610005913; 7.60183102102e-05; 
233.3512941311106; 0.000153672939632; 
233.79832726163; 0.000132283676066; 
234.2453603921494; 4.4095206249e-05; 
234.6923935226687; 0.000148759514559; 
235.1394266531881; 0.000113096510177; 
235.5864597837075; 3.30823895638e-05; 
236.0334929142269; 8.02054928499e-05; 
236.4805260447462; 0.000190431441297; 
236.9275591752656; 0.000215915599256; 
237.374592305785; 0.00010774803377; 
237.8216254363043; 5.05927891936e-05; 
238.2686585668237; 7.49683385948e-05; 
238.7156916973431; 6.19317288511e-05; 
239.1627248278624; 4.98001027154e-05; 
239.6097579583818; 0.000206177413929; 
240.0567910889012; 0.000191255050595; 
240.5038242194206; 7.32096887077e-05; 
240.9508573499399; 7.2095732321e-05; 
241.3978904804593; 0.000158481561812; 
241.8449236109787; 0.000132895278512; 
242.291956741498; 2.30418263527e-05; 
242.7389898720174; 7.39901006455e-05; 
243.1860230025368; 0.000181651936145; 
243.6330561330561; 0.000100364806713; 
244.0800892635755; 4.55206027254e-05; 
244.5271223940949; 0.00011144385644; 
244.9741555246142; 0.000144831516081; 
245.4211886551336; 9.63524216786e-05; 
245.868221785653; 6.21501239948e-05; 
246.3152549161723; 4.1710514779e-05; 
246.7622880466917; 0.000121649172797; 
247.2093211772111; 0.000168566242792; 
247.6563543077305; 0.000150240361108; 
248.1033874382498; 0.000169852588442; 
248.5504205687692; 0.000119587763038; 
248.9974536992886; 6.46917396807e-05; 
249.4444868298079; 0.000181891504326; 
249.8915199603273; 8.92354728421e-05; 
250.3385530908467; 7.41906114854e-05; 
250.785586221366; 4.73707113997e-05; 
251.2326193518854; 7.20466996427e-05; 
251.6796524824048; 2.61470304395e-05; 
252.1266856129241; 3.18564016197e-05; 
252.5737187434435; 9.46408617892e-05; 
253.0207518739629; 8.07586839073e-05; 
253.4677850044822; 3.35717813869e-05; 
253.9148181350016; 4.3918913434e-05; 
254.361851265521; 9.58647869993e-05; 
254.8088843960404; 0.000141436350532; 
255.2559175265597; 7.40916439099e-05; 
255.7029506570791; 3.15782926918e-05; 
256.1499837875984; 9.82801939244e-05; 
256.5970169181178; 6.96346323821e-05; 
257.0440500486372; 2.30061868933e-05; 
257.4910831791566; 8.20259083412e-05; 
257.9381163096759; 8.83189786691e-05; 
258.3851494401953; 3.61359125236e-05; 
258.8321825707147; 9.47637236095e-05; 
259.279215701234; 9.25442800508e-05; 
259.7262488317534; 6.64758990752e-05; 
260.1732819622728; 3.76429816242e-05; 
260.6203150927922; 1.89895763469e-05; 
261.0673482233115; 3.43008978234e-05; 
261.5143813538309; 3.46394990629e-05; 
261.9614144843503; 3.67040956917e-05; 
262.4084476148697; 0.000111710905912; 
262.855480745389; 0.000112006106065; 
263.3025138759083; 5.07293907503e-06; 
263.7495470064277; 7.10459280526e-05; 
264.1965801369471; 9.98807008727e-05; 
264.6436132674665; 4.77936519019e-05; 
265.0906463979858; 4.48503997177e-05; 
265.5376795285052; 4.21738586738e-05; 
265.9847126590246; 0.000117558738566; 
266.4317457895439; 7.6868578617e-05; 
266.8787789200633; 5.62151581107e-05; 
267.3258120505827; 5.34135397174e-05; 
267.7728451811021; 6.48862187518e-05; 
268.2198783116214; 6.22422448942e-05; 
268.6669114421408; 0.000117248375318; 
269.1139445726602; 0.000120398566651; 
269.5609777031796; 7.73307619966e-05; 
270.0080108336989; 5.95224955759e-05; 
270.4550439642182; 6.77929274389e-05; 
270.9020770947376; 0.00010015207954; 
271.349110225257; 9.85043734545e-05; 
271.7961433557764; 0.000102152087493; 
272.2431764862957; 9.36931101023e-05; 
272.6902096168151; 6.93093970767e-05; 
273.1372427473345; 0.000111708031909; 
273.5842758778539; 0.000117931092973; 
274.0313090083732; 0.000143483295687; 
274.4783421388926; 0.000173653650563; 
274.925375269412; 7.8287688666e-05; 
275.3724083999313; 3.77630640287e-05; 
275.8194415304507; 7.8369223047e-05; 
276.2664746609701; 0.00010622611444; 
276.7135077914895; 6.14380041952e-05; 
277.1605409220088; 2.6799081752e-05; 
277.6075740525282; 1.89779275388e-05; 
278.0546071830476; 5.17888183822e-05; 
278.5016403135669; 4.36020582129e-06; 
278.9486734440863; 0.000145104015246; 
279.3957065746056; 0.000143749028211; 
279.842739705125; 5.2380226407e-05; 
280.2897728356444; 5.25969007867e-05; 
280.7368059661638; 5.97011639911e-05; 
281.1838390966831; 0.000129308784381; 
281.6308722272025; 0.000104799117253; 
282.0779053577219; 0.000163979479112; 
282.5249384882412; 0.000179357783054; 
282.9719716187606; 9.73694768618e-05; 
283.41900474928; 9.19855592656e-05; 
283.8660378797994; 0.000168935148395; 
284.3130710103187; 0.000101633777376; 
284.7601041408381; 4.26355609306e-06; 
285.2071372713575; 6.27059853286e-05; 
285.6541704018768; 1.32232307806e-05; 
286.1012035323962; 5.76594284212e-05; 
286.5482366629155; 8.45684116939e-05; 
286.9952697934349; 4.41955598944e-05; 
287.4423029239543; 5.64750589547e-05; 
287.8893360544737; 6.19813581579e-05; 
288.336369184993; 5.22708214703e-05; 
288.7834023155124; 2.71057870123e-05; 
289.2304354460318; 0.000131594060804; 
289.6774685765511; 0.000119591051771; 
290.1245017070705; 1.06055540527e-05; 
290.5715348375899; 5.3079915233e-05; 
291.0185679681093; 0.000170143874129; 
291.4656010986286; 0.000113029607746; 
291.912634229148; 5.19479253853e-05; 
292.3596673596674; 7.48111051507e-05; 
292.8067004901867; 6.76233248669e-05; 
293.2537336207061; 0.000117499788757; 
293.7007667512254; 0.000156306705321; 
294.1477998817448; 0.000121650162328; 
294.5948330122642; 3.88787448173e-05; 
295.0418661427836; 8.58129933476e-05; 
295.4888992733029; 8.722775965e-05; 
295.9359324038223; 1.98710258701e-05; 
296.3829655343417; 8.74648030731e-05; 
296.829998664861; 0.000112317604362; 
297.2770317953804; 5.63619541936e-05; 
297.7240649258998; 3.54337316821e-05; 
298.1710980564192; 5.29667086084e-05; 
298.6181311869385; 2.12880549952e-05; 
299.0651643174579; 0.000545062706806; 
299.5121974479773; 0.00253893737681; 
299.9592305784967; 0.00260688201524; 
300.406263709016; 0.000577039725613; 
300.8532968395353; 0.000109427615826; 
301.3003299700547; 0.000110061177111; 
301.7473631005741; 4.89880767418e-05; 
302.1943962310935; 8.3651044406e-05; 
302.6414293616128; 0.000129204723635; 
303.0884624921322; 0.000149841871462; 
303.5354956226516; 0.000129127351101; 
303.9825287531709; 8.64020184963e-05; 
304.4295618836903; 8.92916505109e-05; 
304.8765950142097; 1.48778535731e-05; 
305.3236281447291; 6.78063806845e-05; 
305.7706612752484; 9.82970013865e-05; 
306.2176944057678; 9.79426404228e-05; 
306.6647275362872; 0.000131912849611; 
307.1117606668066; 0.000141590164276; 
307.5587937973259; 3.81640384148e-05; 
308.0058269278452; 1.37809711305e-05; 
308.4528600583646; 9.03041145648e-05; 
308.899893188884; 0.000113917143608; 
309.3469263194034; 2.07938082895e-05; 
309.7939594499227; 0.000108585882117; 
310.2409925804421; 0.00010825265781; 
310.6880257109615; 9.26106658881e-05; 
311.1350588414809; 6.47231718176e-05; 
311.5820919720002; 0.00010524794925; 
312.0291251025196; 9.85062579275e-05; 
312.476158233039; 6.52894959785e-05; 
312.9231913635583; 4.73770342069e-05; 
313.3702244940777; 1.82587809832e-05; 
313.8172576245971; 6.3781895733e-05; 
314.2642907551165; 4.13575107814e-05; 
314.7113238856358; 7.83627474448e-05; 
315.1583570161552; 1.98851521418e-05; 
315.6053901466746; 6.15781391389e-05; 
316.0524232771939; 2.43205195147e-05; 
316.4994564077133; 8.37197294459e-05; 
316.9464895382326; 0.000104755403299; 
317.393522668752; 4.33495333709e-05; 
317.8405557992714; 8.07394389994e-05; 
318.2875889297908; 9.58415912464e-05; 
318.7346220603101; 8.15009552753e-05; 
319.1816551908295; 9.71657718765e-05; 
